1678458513081 91.57085731549141 0
1678458576256 85.48985979297223 1
1678458633643 73.46542838827158 2
1678458690577 85.83021720433847 3
1678458748390 64.96096740059363 4
1678458804018 72.90101678493696 5
1678458859560 77.8382972673728 6
1678458915225 46.91298391436919 7
1678458971034 55.396612514517244 8
1678459026458 65.62063613770864 9
1678459081988 57.95350239085845 10
1678459137301 67.3004542642679 11
1678459192792 65.91388717889785 12
1678459248122 75.9639377376208 13
1678459303642 69.8753881743321 14
1678459360619 56.02550183366507 15
1678459417215 57.25306182251527 16
1678459472659 64.31609021899028 17
1678459528088 14.374761973665311 18
1678459583520 1.8352860933695083 19
1678459638875 2.9261481372209697 20
1678459697676 1.7235005730237716 21
1678459753255 1.735724114607542 22
1678459809314 1.508765257627536 23
1678459864688 1.6498400052388509 24
1678459920012 17.630621779270662 25
1678459975325 1.7231727951612228 26
1678460030660 1.5412412139085623 27
1678460086745 1.5973525151228294 28
1678460142185 1.6142150505995139 29
1678460197515 1.5035189237350073 30
1678460255484 1.551962279050778 31
1678460311701 2.1621886782157116 32
1678460367175 2.451626598682159 33
1678460422512 1.9425427375695645 34
1678460477843 2.2709397031710696 35
1678460533211 1.8294346659611433 36
1678460590364 1.798657287695469 37
1678460646564 1.5642669885586469 38
1678460701965 1.653498511436658 39
1678460757504 8.619014086555213 40
1678460816997 6.101784810347435 41
1678460874032 2.436235403861755 42
1678460930096 1.9792595712038188 43
1678460985605 1.513680901282873 44
1678461041301 1.5549120346705119 45
1678461097297 1.6519002449818148 46
1678461152945 1.5627124211727044 47
1678461208312 1.533265594030038 48
1678461263775 1.8676079766872602 49
1678461319158 1.369282020208163 50
1678461374530 1.617250489577269 51
1678461431050 2.2688478885552823 52
1678461487679 1.5074009027236548 53
1678461543669 1.5740079916440524 54
1678461599195 1.717193212111791 55
1678461654764 2.385318200710492 56
1678461710110 1.5949885900203997 57
1678461765500 1.7444619045807765 58
1678461820853 1.8276427013751788 59
1678461876310 1.69960516446676 60
1678461934638 1.531231890580593 61
1678461991775 1.885840209172322 62
1678462049201 1.6790796429683001 63
1678462106278 1.5409187928224222 64
1678462162672 2.142186260376221 65
1678462218176 1.7199233171267387 66
1678462273706 1.4795325267009245 67
1678462328945 1.759631789647616 68
1678462384209 1.4532113980024288 69
1678462441432 1.7366771233387484 70
1678462497358 1.542016715881152 71
1678462552844 1.4449267662488496 72
1678462608352 1.693035015081748 73
1678462663688 1.5355118892131707 74
1678462719266 1.6014368668580667 75
1678462774630 1.6872063665817945 76
1678462830166 1.5428106142924383 77
1678462885655 1.429417040409186 78
1678462941045 1.4026071175550803 79
1678462996441 1.5149172697311792 80
1678463056232 1.5004141795329557 81
1678463111723 1.4372188904346563 82
1678463168376 1.400926513549609 83
1678463223977 1.5630551518538058 84
1678463279455 1.4402923626777453 85
1678463336402 1.5662430182481424 86
1678463392629 1.578107141225766 87
1678463448155 1.4753637992418729 88
1678463503396 1.4657259283921658 89
1678463558967 1.4513065986144238 90
1678463614496 1.6521129654004023 91
1678463670134 1.7302783675682851 92
1678463725601 2.0061596886469766 93
1678463781345 1.8494735557299393 94
1678463836687 1.3888136276831993 95
1678463892054 1.398946274855198 96
1678463947398 1.4123498146350568 97
1678464002741 1.4223525224587856 98
1678464058079 1.5038222746971326 99
1678464113398 1.4757309522384252 100
