1678458513066 9.423427241887802 0
1678458576246 13.041551780700683 1
1678458633638 39.731641623912715 2
1678458690571 24.100523455937704 3
1678458748384 27.762535256605883 4
1678458804014 12.734335724512736 5
1678458859556 13.126321072456165 6
1678458915221 30.573087486853968 7
1678458971028 30.098640338579813 8
1678459026454 38.019945374513284 9
1678459081976 35.39394648503035 10
1678459137297 8.84487864787762 11
1678459192788 29.06121179629595 12
1678459248118 33.82860930882968 13
1678459303636 14.073240330280402 14
1678459360614 33.51793341942322 15
1678459417210 20.461391378060366 16
1678459472655 27.878773620801095 17
1678459528084 7.981354522705078 18
1678459583511 1.2768701849839625 19
1678459638870 1.9179681988717325 20
1678459697671 1.317625993453205 21
1678459753250 1.850745941657955 22
1678459809310 1.0932974056555675 23
1678459864683 1.297180888749277 24
1678459920006 0.8301575516167246 25
1678459975319 1.0606756511717461 26
1678460030655 1.2136272611335301 27
1678460086740 0.9812879840150858 28
1678460142180 0.938582989353782 29
1678460197511 0.8212121726419681 30
1678460255478 0.9192856501310299 31
1678460311697 1.9261672498520244 32
1678460367170 1.7467477102022613 33
1678460422507 1.2336958388720796 34
1678460477838 1.8861883093385516 35
1678460533204 1.2607473082792682 36
1678460590359 1.0738807330994555 37
1678460646559 0.9777402432683187 38
1678460701961 0.9677074114338328 39
1678460757499 1.1294435645286844 40
1678460816992 1.1751818543447254 41
1678460874027 2.160432613936987 42
1678460930092 1.5974586241902449 43
1678460985600 0.8574436363119345 44
1678461041297 0.8041070476556436 45
1678461097291 0.9933324088748449 46
1678461152941 0.9980690838339237 47
1678461208306 0.9168458031538206 48
1678461263769 2.764424021294914 49
1678461319153 7.083936070278287 50
1678461374523 1.016142221301412 51
1678461431046 1.8541226187448325 52
1678461487674 0.8601057385786985 53
1678461543665 0.86931937300624 54
1678461599191 1.3533529771754567 55
1678461654760 1.7532017936799933 56
1678461710106 0.9248214750717848 57
1678461765496 1.0652364709527973 58
1678461820849 1.4179472174877539 59
1678461876306 1.1734472595155239 60
1678461934634 0.826002333790828 61
1678461991770 1.2655318779823108 62
1678462049193 1.4432719769481666 63
1678462106274 0.8690303437459546 64
1678462162667 1.4384329290985942 65
1678462218172 1.181641820504163 66
1678462273701 0.849602467681353 67
1678462328940 1.0456009077266433 68
1678462384204 0.769679216391001 69
1678462441427 1.073612176751097 70
1678462497354 0.9204351390974644 71
1678462552839 0.8392124354457244 72
1678462608347 1.0586791334160341 73
1678462663681 0.8671883400434103 74
1678462719260 0.9341841185704256 75
1678462774626 1.1429334617410907 76
1678462830162 0.8944158808161051 77
1678462885651 0.752345688526447 78
1678462941040 0.7651442839549139 79
1678462996435 0.8284340704862888 80
1678463056228 0.8237966810854581 81
1678463111718 0.7707813913241411 82
1678463168371 0.746318599810967 83
1678463223972 1.031343444226644 84
1678463279449 0.7607837091271694 85
1678463336398 0.9119209700478957 86
1678463392624 0.9031507311818692 87
1678463448150 0.7985533880881774 88
1678463503390 0.8404729256263146 89
1678463558963 0.8371074261382604 90
1678463614491 0.9638322614802 91
1678463670129 1.1937773815618875 92
1678463725597 1.7136778736566134 93
1678463781340 1.638816636213615 94
1678463836682 0.7444606194129357 95
1678463892050 0.7553974458804498 96
1678463947393 0.7453556650724167 97
1678464002737 0.7564277541943085 98
1678464058075 0.8500826822259487 99
1678464113394 0.8990714382666808 100
