1681141062329 26794014.0 1
1681141327559 22119680.0 2
1681141577066 23564304.0 3
1681141807409 23188440.0 4
1681142027175 25355736.0 5
1681142243785 21445496.0 6
1681142460179 24096522.0 7
1681142676532 22405492.0 8
1681142892964 21016450.0 9
1681143109380 22883812.0 10
1681143325799 25104152.0 11
1681143542449 23020800.0 12
1681143758743 25448272.0 13
1681143975100 22574018.0 14
1681144191482 23947630.0 15
1681144407821 18141536.0 16
1681144624281 26237382.0 17
1681144840873 23938102.0 18
1681145063791 24228076.0 19
1681145291442 20039776.0 20
1681145528770 23956676.0 21
1681145761838 25537772.0 22
