1681141062329 23156.001953125 1
1681141327559 23155.755859375 2
1681141577066 23156.337890625 3
1681141807409 23156.23046875 4
1681142027175 23156.51171875 5
1681142243785 23156.578125 6
1681142460179 23155.798828125 7
1681142676532 23156.7265625 8
1681142892964 23156.62109375 9
1681143109380 23156.791015625 10
1681143325799 23156.228515625 11
1681143542449 23156.5078125 12
1681143758743 23156.76171875 13
1681143975100 23156.197265625 14
1681144191482 23156.5625 15
1681144407821 23156.080078125 16
1681144624281 23156.140625 17
1681144840873 23156.97265625 18
1681145063791 23155.87890625 19
1681145291442 23156.3984375 20
1681145528770 23156.802734375 21
1681145761838 23156.65625 22
