1679760154839 94.22334289550781 1
1679760206284 95.86958312988281 2
1679760256428 94.92465209960938 3
1679760302160 40.477115631103516 4
1679760348182 62.86043930053711 5
1679760391918 95.24818420410156 6
1679760435568 94.92865753173828 7
1679760479697 95.1468505859375 8
1679760526092 49.54497528076172 9
1679760569363 95.49896240234375 10
1679760610742 0.20227669179439545 11
1679760660326 0.2578272521495819 12
1679760704844 94.47152709960938 13
1679760764977 94.72230529785156 14
1679760808125 0.20589686930179596 15
1679760851094 0.6026802062988281 16
1679760896674 1.411487102508545 17
1679760942442 0.5661655068397522 18
1679760987076 1.4694231748580933 19
