1679760154839 9.832947731018066 1
1679760206284 10.980140686035156 2
1679760256428 28.784095764160156 3
1679760302160 8.425432205200195 4
1679760348182 9.364217758178711 5
1679760391918 41.91631317138672 6
1679760435568 8.414697647094727 7
1679760479697 13.864866256713867 8
1679760526092 8.85521125793457 9
1679760569363 9.292474746704102 10
1679760610742 12.14396858215332 11
1679760660326 7.821363925933838 12
1679760704844 11.126152992248535 13
1679760764977 46.21391296386719 14
1679760808125 6.4894819259643555 15
1679760851094 1.4321205615997314 16
1679760896674 0.49089598655700684 17
1679760942442 2.395854949951172 18
1679760987076 1.4875316619873047 19
