1677444920127 114.89702375240815 0
1677444989391 16.259911024646883 1
1677445032142 0.2535853986556713 2
1677445074850 0.36915378876221483 3
1677445117511 0.731028197438289 4
1677445161180 0.548983900822126 5
1677445204253 0.45693323749762316 6
1677445247288 0.8667212427426607 7
1677445290472 2.2278047047364407 8
1677445333472 3.288064700517899 9
1677445376528 2.503633703635289 10
1677445419562 1.5642897679255559 11
1677445462911 1.4901689486625866 12
1677445505927 1.796811980773241 13
1677445548833 1.462251433959374 14
1677445591795 1.8412037546818072 15
1677445634851 1.6090826969880325 16
1677445677961 1.48889493453197 17
1677445721264 2.118273774324319 18
1677445764681 1.6161542421732193 19
1677445807834 1.760141366567367 20
1677446803026 1.4405898418181982 21
1677446845908 1.8189382526354911 22
1677446889034 16.336984297709588 23
1677446932399 1.9155372667006958 24
1677446975368 1.5677102495462467 25
1677447018341 1.746297465226589 26
1677447061349 1.8646030817276393 27
1677447104343 1.4239124982784956 28
1677447147300 1.5102464492504413 29
1677447190055 1.5177733757557013 30
1677447232809 1.567049040244176 31
1677447275571 1.4923354326150355 32
1677447318323 1.4465403587390215 33
1677447361089 1.824111016285725 34
1677447403872 1.949559186819272 35
1677447446639 1.7162278523811927 36
1677447489360 1.61677252023648 37
1677447532490 1.5122190976754213 38
1677447575426 1.8614532849727532 39
1677447618414 1.849585511134221 40
1677447675906 1.8337964501136388 41
1677447718741 1.5873395620248256 42
1677447762755 1.5633833224956806 43
1677447807859 1.4177457014719645 44
1677447852855 1.7770417953148867 45
1677447896760 2.010390528654441 46
1677447940179 1.5524100034664838 47
1677447982884 1.4675047825544307 48
1677448025578 1.5947330927237486 49
1677448068300 1.3949837531798925 50
1677448110997 1.6066419216302725 51
1677448153752 1.4332105055833475 52
1677448196450 1.4441935912156716 53
1677448239142 1.7247933748440865 54
1677448281834 2.079920662672092 55
1677448324528 2.0143093023544703 56
1677448367286 1.7480206865530747 57
1677448410538 1.4658402876976209 58
1677448453875 1.4239978502958248 59
1677448496864 1.6011592091658176 60
1677448650772 1.6236575102194761 61
1677448697608 1.5436435668896407 62
1677448752320 1.410687169050559 63
1677448809067 1.4082070191701253 64
1677448867335 1.4754059919944176 65
1677448923164 1.4205040216445923 66
1677448976687 1.5048668613800635 67
1677449020889 1.7281839782610917 68
1677449063608 1.9348356522046604 69
1677449106291 1.9633205748521365 70
1677449149000 1.4819697899696154 71
1677449191687 1.8979295822290274 72
1677449234360 3.014620496218021 73
1677449277039 1.8975254214726962 74
1677449319725 2.0727013325079895 75
1677449362974 1.5851568093666664 76
1677449406244 1.5151390705353174 77
1677449449495 1.6068864510609553 78
1677449492441 1.5856876568916516 79
1677449535851 1.4092244771810678 80
1677449847889 1.4580279790438138 81
1677449891176 1.4637637596863966 82
1677449933875 1.7338505891653209 83
1677449976753 1.5049392639062344 84
1677450021109 2.589730856051812 85
1677450064673 1.5425702559642303 86
1677450108108 1.4594981908798217 87
1677450151026 1.5157807038380549 88
1677450193912 1.4635164774381197 89
1677450236817 1.5970520239609938 90
1677450279705 1.445048338938982 91
1677450323683 1.4045828953767434 92
1677450367644 1.6518744364762918 93
1677450410786 1.7559965072534023 94
1677450453835 1.578644386621622 95
1677450496834 1.4589735599664542 96
1677450539980 1.4266243800138816 97
1677450583192 1.4393749279853625 98
1677450626255 1.496982822051415 99
1677450669308 2.1778322666119307 100
