1677444920122 42.30944695106412 0
1677444989387 32.678697102879866 1
1677445032138 13.296314327533429 2
1677445074846 15.373574370604295 3
1677445117508 10.703791846678808 4
1677445161177 10.571356610762768 5
1677445204253 12.349717066838192 6
1677445247252 7.452863026429445 7
1677445290472 4.244723235212792 8
1677445333468 2.4313130755072985 9
1677445376524 1.0712096459912852 10
1677445419562 0.7404301149716888 11
1677445462907 0.7992025003935664 12
1677445505923 0.9571040841542596 13
1677445548833 0.7770690270672695 14
1677445591795 0.8297184359556876 15
1677445634842 0.8743262843807968 16
1677445677956 0.8241842841347441 17
1677445721072 1.427046251249237 18
1677445764671 0.9320043006816353 19
1677445807821 0.8768689156617396 20
1677446803016 0.739659961198385 21
1677446845892 1.3509255615927172 22
1677446889034 13.113022734803133 23
1677446932399 1.328835659874536 24
1677446975351 0.8077687304371443 25
1677447018325 1.153441872959658 26
1677447061334 0.8179697201432039 27
1677447104327 0.7659529100625942 28
1677447147284 0.7364432931280671 29
1677447190039 0.8236431887230048 30
1677447232792 0.7534758194421346 31
1677447275571 0.750635083592855 32
1677447318323 0.7311562811525968 33
1677447361089 8.492918328618357 34
1677447403855 1.6109685687682567 35
1677447446623 0.8168978628248741 36
1677447489360 0.9380586539036952 37
1677447532474 0.7605754981390559 38
1677447575426 1.190631905140785 39
1677447618414 1.1219298494708132 40
1677447675890 1.0107654982652419 41
1677447718726 0.8104848165768765 42
1677447762739 0.8241024259859935 43
1677447807853 0.7769347579815449 44
1677447852520 1.301209080622842 45
1677447896203 1.5554117975493846 46
1677447940175 0.8099944484921602 47
1677447982880 0.7646804515558939 48
1677448025570 0.8515122396417726 49
1677448068294 0.7461185582173177 50
1677448110989 0.8195320120368892 51
1677448153747 0.7601757208697307 52
1677448196444 0.76236063597294 53
1677448239133 0.9499110801193195 54
1677448281825 2.34051673344623 55
1677448324520 1.5235890379700905 56
1677448367277 1.0666164103274545 57
1677448410025 0.7774893707715166 58
1677448453715 0.7421585304232744 59
1677448496756 0.9612150913629777 60
1677448650763 0.8023837130755568 61
1677448697592 0.7569683763682126 62
1677448752315 0.7351592329832224 63
1677448809051 0.7423283416491289 64
1677448867327 0.8502401609451343 65
1677448923152 0.7588681116318091 66
1677448976682 0.7891500852118509 67
1677449020881 0.8548081321542242 68
1677449063603 0.9541776230152792 69
1677449106282 1.2618630488618061 70
1677449148995 0.791029120523196 71
1677449191683 0.9372319811696191 72
1677449234348 1.524455325045305 73
1677449277028 1.1932471509784077 74
1677449319714 1.5333868068887686 75
1677449362457 0.8578562898324796 76
1677449406238 0.7693143155998908 77
1677449449415 0.8028974246021766 78
1677449492427 0.850993299508133 79
1677449535553 0.7626255701749752 80
1677449847814 0.7681208536410943 81
1677449890751 0.8377357674905888 82
1677449933867 0.990509846737274 83
1677449976737 1.1598205167513627 84
1677450019772 1.847733393089416 85
1677450064636 1.0363430991004674 86
1677450108095 0.7700503352360848 87
1677450151011 0.7748460346928392 88
1677450193912 0.7760709960491229 89
1677450236802 0.8556742010208277 90
1677450279705 0.7522929792220776 91
1677450322563 0.7265632236615206 92
1677450367566 0.9252920041956271 93
1677450410769 1.0105208686958902 94
1677450453831 0.9720084320419492 95
1677450496819 0.7476887173377551 96
1677450539980 0.7575882791326596 97
1677450583035 0.7610577981441449 98
1677450626239 0.813164102171476 99
1677450669308 1.0399951973003905 100
