1677439564505 0.263330397544763 1
1677439626754 0.19712315255250687 2
1677439669834 0.1986344066949991 3
1677439712924 0.19756154830639178 4
1677439756013 0.20000637685641265 5
1677439814318 0.19659215823197976 6
1677439857522 0.19958525353517287 7
1677439901295 0.20083899245812342 8
1677439945753 0.19945450104199924 9
1677439988929 0.20090680305774394 10
1677440062787 0.19981170136194962 11
1677440115712 0.19701013442797538 12
1677440161432 0.19999620463603582 13
1677440207015 0.1964070717493693 14
1677440250375 0.19947828703965897 15
1677440315457 0.1998401635732406 16
1677440358647 0.20161924713697188 17
1677440401604 0.1979757907298895 18
1677440444535 0.1980745777869836 19
1677440491233 0.19991171596906124 20
