1677439564482 0.9860093040344042 1
1677439626754 0.9998346579380525 2
1677439669834 0.9998455750636566 3
1677439712924 0.9998745129658626 4
1677439756013 0.9999088464639125 5
1677439814318 0.9998985492266141 6
1677439857518 0.9996521436251127 7
1677439901290 0.9999774501873897 8
1677439945743 0.9999045069401081 9
1677439988925 0.9998471749134553 10
1677440062775 0.9999457334860777 11
1677440115703 0.9999186359919034 12
1677440161432 0.9999102357106331 13
1677440207009 0.9999132734078627 14
1677440250370 0.9999244735791133 15
1677440315448 0.9999121717917614 16
1677440358643 0.9980977345735599 17
1677440401601 0.9999101229203053 18
1677440444526 0.9999325452706753 19
1677440491227 0.999916763489063 20
