1679767456974 9.832947731018066 1
1679767499475 6.897253036499023 2
1679767538850 7.275170803070068 3
1679767578066 66.06446838378906 4
1679767617451 22.06846046447754 5
1679767656638 8.051209449768066 6
1679767695839 9.957773208618164 7
1679767735819 9.014504432678223 8
1679767780922 37.95072555541992 9
1679767826455 9.85339069366455 10
1679767871858 9.613937377929688 11
1679767923450 10.844108581542969 12
1679767973715 1.8201096057891846 13
1679768031638 2.7616708278656006 14
1679768088136 0.7847540974617004 15
1679768147092 0.11022011935710907 16
1679768196036 0.7020927667617798 17
1679768242710 0.7598354816436768 18
1679768293060 1.9950791597366333 19
1679768347554 0.665380597114563 20
1679768394321 0.6200794577598572 21
1679768442296 0.8979489803314209 22
1679768486098 0.8184707164764404 23
1679768526780 0.7531119585037231 24
1679768570273 0.9237931966781616 25
1679768615902 0.7173641920089722 26
1679768665854 0.9688782095909119 27
1679768708143 0.7904773950576782 28
1679768763045 0.4307864308357239 29
1679768806742 1.0615417957305908 30
1679768936151 0.455096036195755 31
1679768979401 1.3328633308410645 32
1679769022246 0.05748526379466057 33
1679769067776 0.22755512595176697 34
1679769111761 0.11400264501571655 35
1679769157991 0.5196091532707214 36
1679769204014 0.6026147603988647 37
1679769251381 0.8464629054069519 38
1679769296993 0.027974899858236313 39
1679769356308 0.5522039532661438 40
1679769401975 1.2042226791381836 41
1679769449755 0.11011216789484024 42
1679769501625 0.738560676574707 43
1679769554451 0.7872129082679749 44
1679769608981 0.6553951501846313 45
1679769665250 0.5693048238754272 46
1679769723842 2.925119638442993 47
1679769779113 0.9013886451721191 48
1679769831976 0.05994660407304764 49
1679769888856 2.2232913970947266 50
1679769942514 0.752642035484314 51
1679769998708 0.43999552726745605 52
