1679767456974 94.22334289550781 1
1679767499475 0.4025341272354126 2
1679767538850 94.92581176757812 3
1679767578066 48.14570617675781 4
1679767617451 95.07691192626953 5
1679767656638 95.24849700927734 6
1679767695839 94.92781066894531 7
1679767735819 0.28131741285324097 8
1679767780922 95.66407012939453 9
1679767826455 0.3407894968986511 10
1679767871858 95.3646011352539 11
1679767923450 0.2541629672050476 12
1679767973715 0.6884984970092773 13
1679768031638 3.314770221710205 14
1679768088136 1.3036279678344727 15
1679768147092 1.3431332111358643 16
1679768196036 0.9774783253669739 17
1679768242710 1.2664704322814941 18
1679768293060 1.5508825778961182 19
1679768347554 1.3683338165283203 20
1679768394321 1.340471863746643 21
1679768442296 1.3514652252197266 22
1679768486098 1.47923743724823 23
1679768526780 1.3656871318817139 24
1679768570273 1.3786303997039795 25
1679768615902 1.3809071779251099 26
1679768665854 1.3308258056640625 27
1679768708143 1.3869144916534424 28
1679768763045 1.3780008554458618 29
1679768806742 2.417663335800171 30
1679768936151 4.482131004333496 31
1679768979401 1.1772406101226807 32
1679769022246 1.0325201749801636 33
1679769067776 1.3563454151153564 34
1679769111761 1.275613784790039 35
1679769157991 1.9374403953552246 36
1679769204014 1.3825342655181885 37
1679769251381 1.3164191246032715 38
1679769296993 3.3687620162963867 39
1679769356308 2.3969297409057617 40
1679769401975 3.6680078506469727 41
1679769449755 1.0940920114517212 42
1679769501625 3.6015970706939697 43
1679769554451 1.4854934215545654 44
1679769608981 1.3821910619735718 45
1679769665250 1.4788415431976318 46
1679769723842 1.282628059387207 47
1679769779113 1.2617478370666504 48
1679769831976 2.7450907230377197 49
1679769888856 2.1701695919036865 50
1679769942514 1.3654593229293823 51
1679769998708 1.3985520601272583 52
