1679343224792 92.71849860105759 0
1679343279324 86.77701410162143 1
1679343327707 82.79290788869064 2
1679343399125 75.04562850082532 3
1679343521756 70.3051282508251 4
1679343588585 63.28722969522843 5
1679343664389 54.17455914937533 6
1679343716952 66.27590640722177 7
1679343775886 59.124975170768224 8
1679343831519 56.40585413720363 9
1679343885576 50.072242737045656 10
1679343936835 53.45828601985406 11
1679343989990 59.80438994039328 12
1679344043953 73.80897286434968 13
1679344095989 54.24365606285058 14
1679344149034 68.28220669864079 15
1679344204243 8.622050480200695 16
1679344262258 49.875452098479634 17
1679344317678 46.16882409002536 18
1679344373523 71.99143213866613 19
1679344418721 76.07290359796622 20
1679344480233 1.760010506403752 21
1679344533431 1.588459429374108 22
1679344586778 1.7916966696580252 23
1679344640472 20.79622870790653 24
1679344691292 5.826053146979747 25
1679344765264 1.8940158519989405 26
1679344825481 1.5631180671545175 27
1679344901504 1.6569523786887144 28
1679344962313 1.9444677851138972 29
1679345008286 1.7921337173535274 30
1679345067897 1.8026472533360505 31
1679345193421 1.7018730277434373 32
1679345244627 1.6427535536961677 33
1679345305989 1.8039883751135606 34
1679345354938 1.7739508517277547 35
1679345461926 1.6631091359334114 36
1679345549981 2.00939462689253 37
1679345609145 1.6464706879395705 38
1679345663813 2.0425506270848786 39
1679345714509 1.7211451324132772 40
1679345783923 2.0668797199542706 41
1679345827437 1.7077851327566 42
1679345871372 2.2782950234718813 43
1679345917633 2.2759486328332854 44
1679345964904 1.6974844324283112 45
1679346011636 1.7960754314294227 46
1679346056311 1.761337747482153 47
1679346118674 1.6007482317777781 48
1679346178107 2.587543535003295 49
1679346231890 1.9344997717784 50
1679346274700 1.7270837056331145 51
1679346320822 2.1344753256975078 52
1679346371769 1.7407264085916372 53
1679346430085 1.5295371911464593 54
1679346479833 1.6935780291373914 55
1679346532806 1.89776606406921 56
