1679343224726 9.47409792190943 0
1679343279266 24.499250602722167 1
1679343327617 37.64654473035763 2
1679343399024 27.579495799235808 3
1679343521668 26.509713774461012 4
1679343588502 20.878426952851125 5
1679343664296 21.90138129270994 6
1679343716855 43.898727860817544 7
1679343775754 34.07143426919595 8
1679343831436 15.005917607820951 9
1679343885489 28.474804107959454 10
1679343936743 21.377978566976694 11
1679343989895 25.70093267789254 12
1679344043852 15.224723336635492 13
1679344095898 11.522287325981337 14
1679344148938 20.661721855554827 15
1679344204147 37.28050397481674 16
1679344262168 17.09315280302977 17
1679344317585 14.943924353367244 18
1679344373428 24.289998486103155 19
1679344418632 16.744926912967976 20
1679344480139 3.3512260096195416 21
1679344533347 2.63397052135223 22
1679344586690 1.9547110064289508 23
1679344640374 22.04556125070995 24
1679344691231 4.917235960152286 25
1679344765182 1.3971888590308552 26
1679344825368 1.047018079378475 27
1679344901355 1.1126276406626672 28
1679344962224 1.4935174277446304 29
1679345008200 1.2272593050920524 30
1679345067811 1.289767275025877 31
1679345193328 1.4058218398182176 32
1679345244535 1.0156898817501199 33
1679345305891 1.366963960106174 34
1679345354860 1.3017236955774327 35
1679345461833 1.0700374986958474 36
1679345549855 1.6624988308367439 37
1679345609066 1.0478103057361947 38
1679345663710 1.3033917780510353 39
1679345714420 1.4808773902173227 40
1679345783810 1.494135180367336 41
1679345827342 1.1506844801350664 42
1679345871279 1.6311187196695895 43
1679345917581 2.7295317264155856 44
1679345964808 1.09934996494498 45
1679346011542 1.540641667882506 46
1679346056208 1.3234555603488563 47
1679346118588 0.9741284768717985 48
1679346178017 1.8931646746206099 49
1679346231787 1.2920743239948 50
1679346274507 1.2228399448980314 51
1679346320412 1.5599082706582732 52
1679346371530 0.9702820050829383 53
1679346429681 0.7979692188975138 54
1679346479331 1.1696649079139416 55
1679346532196 1.0521234917670275 56
