1679585750085 94.22334289550781 1
1679585799229 95.86958312988281 2
1679585842607 94.92465209960938 3
1679585884848 40.477115631103516 4
1679585927871 62.86043930053711 5
1679585975563 95.24818420410156 6
1679586019716 94.92865753173828 7
1679586058071 95.1468505859375 8
1679586101704 49.54497528076172 9
1679586155832 95.49896240234375 10
1679586199746 0.20227669179439545 11
1679586240023 0.2578272521495819 12
1679586280383 94.47152709960938 13
1679586320737 94.72230529785156 14
1679586361055 0.20589686930179596 15
1679586401414 0.6026802062988281 16
1679586445543 1.411487102508545 17
1679586529534 0.5661655068397522 18
1679586587646 1.4694231748580933 19
1679586650604 6.078436374664307 20
1679586706779 1.4057483673095703 21
1679586756773 3.033515453338623 22
1679586811522 2.1876015663146973 23
1679586880456 2.004411458969116 24
1679586963591 1.3710720539093018 25
1679587022670 1.3633604049682617 26
1679587082600 1.384246826171875 27
1679587149990 1.7078038454055786 28
1679587203511 1.365860104560852 29
1679587252452 1.248539924621582 30
1679587304802 1.4009571075439453 31
1679587353660 1.4035948514938354 32
1679587425462 1.45552659034729 33
1679587468705 1.311614990234375 34
1679587518536 1.4804478883743286 35
1679587568125 1.3285419940948486 36
1679587608761 1.2603013515472412 37
1679587681614 1.229166030883789 38
1679587722240 1.1369258165359497 39
1679587762858 1.4524784088134766 40
1679587803537 1.3063089847564697 41
1679587844275 1.3750492334365845 42
1679587885017 1.4230643510818481 43
1679587925758 1.362523078918457 44
1679587966751 0.6927176117897034 45
1679588009086 1.2457125186920166 46
1679588052653 6.475212097167969 47
1679588098324 1.4552443027496338 48
1679588148005 1.3360090255737305 49
1679588188485 1.4465742111206055 50
1679588229083 0.6145044565200806 51
1679588279737 1.0257201194763184 52
1679588343600 0.9503415822982788 53
1679588409120 1.3975894451141357 54
1679588455772 1.2933318614959717 55
1679588508707 3.2103617191314697 56
1679588575654 1.4110456705093384 57
1679588624401 1.357459306716919 58
1679588682224 1.3158400058746338 59
1679588759142 1.347161054611206 60
1679588838051 1.7161333560943604 61
1679588898347 1.7557969093322754 62
1679588950206 1.3533060550689697 63
1679588999331 3.817718982696533 64
1679589040137 1.3773874044418335 65
1679589087540 1.4347989559173584 66
1679589135406 4.177587985992432 67
1679589187338 1.47772216796875 68
1679589235105 1.2565454244613647 69
1679589291250 1.2878270149230957 70
1679589334607 1.3838227987289429 71
1679589376982 1.381364107131958 72
1679589421407 1.3929316997528076 73
1679589465529 1.352950930595398 74
1679589526251 1.4646813869476318 75
1679589572780 2.830949068069458 76
1679589615030 1.3922030925750732 77
1679589656623 1.3748164176940918 78
1679589702484 1.554414987564087 79
1679589757847 1.397547960281372 80
1679589805576 1.243727207183838 81
1679589854800 1.388925552368164 82
1679589905710 1.3592199087142944 83
1679589962655 1.3847191333770752 84
1679590003556 1.3714866638183594 85
1679590048368 1.3798028230667114 86
1679590105176 1.5552705526351929 87
1679590163496 1.7718472480773926 88
1679590219717 1.3205853700637817 89
1679590276147 1.4264721870422363 90
1679590348923 1.3695905208587646 91
1679590414347 1.3949179649353027 92
1679590476139 1.7606074810028076 93
1679590520526 1.4092109203338623 94
1679590565679 1.4093844890594482 95
1679590617330 0.9991728067398071 96
1679590692058 1.4077000617980957 97
1679590741960 1.3695664405822754 98
1679590793843 1.3794152736663818 99
1679590846964 1.5489091873168945 100
