1679585750085 9.832947731018066 1
1679585799229 10.980140686035156 2
1679585842607 28.784095764160156 3
1679585884848 8.425432205200195 4
1679585927871 9.364217758178711 5
1679585975563 41.91631317138672 6
1679586019716 8.414697647094727 7
1679586058071 13.864866256713867 8
1679586101704 8.85521125793457 9
1679586155832 9.292474746704102 10
1679586199746 12.14396858215332 11
1679586240023 7.821363925933838 12
1679586280383 11.126152992248535 13
1679586320737 46.21391296386719 14
1679586361055 6.4894819259643555 15
1679586401414 1.4321205615997314 16
1679586445543 0.49089598655700684 17
1679586529534 2.395854949951172 18
1679586587646 1.4875316619873047 19
1679586650604 4.838498115539551 20
1679586706779 1.240563154220581 21
1679586756773 0.10133101046085358 22
1679586811522 1.5526387691497803 23
1679586880456 0.5000933408737183 24
1679586963591 0.7290728092193604 25
1679587022670 0.6883730888366699 26
1679587082600 0.7364864349365234 27
1679587149990 1.0784752368927002 28
1679587203511 0.7602697610855103 29
1679587252452 1.141244888305664 30
1679587304802 0.5284174680709839 31
1679587353660 0.9537579417228699 32
1679587425462 0.8587660789489746 33
1679587468705 0.5856236219406128 34
1679587518536 0.7542024850845337 35
1679587568125 0.9943082928657532 36
1679587608761 1.1197361946105957 37
1679587681614 1.0376819372177124 38
1679587722240 1.6702401638031006 39
1679587762858 0.4833599925041199 40
1679587803537 0.5014408230781555 41
1679587844275 0.6964936256408691 42
1679587885017 0.7403331995010376 43
1679587925758 0.8994250297546387 44
1679587966751 3.700976848602295 45
1679588009086 0.09744011610746384 46
1679588052653 0.017575616016983986 47
1679588098324 0.965485692024231 48
1679588148005 1.0763112306594849 49
1679588188485 1.7627604007720947 50
1679588229083 10.591562271118164 51
1679588279737 2.9387662410736084 52
1679588343600 1.936137080192566 53
1679588409120 0.6032600402832031 54
1679588455772 0.8454238176345825 55
1679588508707 0.3076912760734558 56
1679588575654 0.7843220829963684 57
1679588624401 1.2727315425872803 58
1679588682224 0.838681161403656 59
1679588759142 0.6356720328330994 60
1679588838051 0.2161327600479126 61
1679588898347 0.5041442513465881 62
1679588950206 0.7373470067977905 63
1679588999331 1.8181819915771484 64
1679589040137 0.3901869058609009 65
1679589087540 1.1081264019012451 66
1679589135406 0.012394694611430168 67
1679589187338 0.272497296333313 68
1679589235105 2.2874982357025146 69
1679589291250 1.8001058101654053 70
1679589334607 0.9127720594406128 71
1679589376982 0.7421431541442871 72
1679589421407 0.8823326826095581 73
1679589465529 0.6048994064331055 74
1679589526251 0.6637431383132935 75
1679589572780 0.23383541405200958 76
1679589615030 0.8290494084358215 77
1679589656623 0.8615000247955322 78
1679589702484 1.0698683261871338 79
1679589757847 0.8332213163375854 80
1679589805576 0.9356584548950195 81
1679589854800 0.7804771065711975 82
1679589905710 1.1768510341644287 83
1679589962655 0.7901291847229004 84
1679590003556 0.7133235931396484 85
1679590048368 0.6323775053024292 86
1679590105176 0.36886775493621826 87
1679590163496 0.5002993941307068 88
1679590219717 1.5031753719085827e-05 89
1679590276147 0.7436147332191467 90
1679590348923 0.5910927057266235 91
1679590414347 0.6452462673187256 92
1679590476139 0.6655534505844116 93
1679590520526 1.0709658861160278 94
1679590565679 0.6141830682754517 95
1679590617330 0.9875672459602356 96
1679590692058 0.9230292439460754 97
1679590741960 0.6294772624969482 98
1679590793843 0.7357029914855957 99
1679590846964 2.517176389694214 100
