1679761749708 94.22334289550781 1
1679761795822 95.86958312988281 2
1679761842096 94.92465209960938 3
1679761888559 40.477115631103516 4
1679761935229 62.86043930053711 5
1679761982724 95.24818420410156 6
1679762029857 94.92865753173828 7
1679762077009 95.1468505859375 8
1679762124621 49.54497528076172 9
1679762172405 95.49896240234375 10
1679762220280 0.20227669179439545 11
1679762268375 0.2578272521495819 12
1679762316970 94.47152709960938 13
1679762365397 94.72230529785156 14
1679762411892 0.20589686930179596 15
1679762456074 0.6026802062988281 16
1679762499873 1.411487102508545 17
1679762544041 0.5661655068397522 18
1679762588224 1.4694231748580933 19
1679762636694 6.078436374664307 20
1679762682026 1.4305154085159302 21
1679762728328 1.5429493188858032 22
1679762774701 1.2518517971038818 23
1679762816806 1.3361074924468994 24
1679762857969 0.9718900918960571 25
1679762898084 1.4868913888931274 26
1679762937809 1.378422498703003 27
1679762990182 1.1236072778701782 28
1679763044366 1.2811927795410156 29
1679763099214 1.425473928451538 30
1679763149304 5.4773454666137695 31
1679763192005 1.6264708042144775 32
1679763244683 2.9829227924346924 33
1679763301040 1.4534270763397217 34
1679763347422 2.954772472381592 35
1679763391840 0.8627849221229553 36
1679763435426 1.3834383487701416 37
1679763484788 1.3946142196655273 38
1679763528015 1.4486274719238281 39
1679763580056 2.290349006652832 40
1679763625317 1.4157826900482178 41
1679763668131 1.5819491147994995 42
1679763710370 1.4450477361679077 43
1679763754316 1.491609811782837 44
1679763800966 1.8667621612548828 45
1679763847459 3.0041754245758057 46
1679763890312 1.6965547800064087 47
1679763936911 5.583340167999268 48
1679763979343 1.366997241973877 49
1679764020126 1.6543337106704712 50
1679764062626 1.1668577194213867 51
1679764104483 1.3808870315551758 52
1679764146668 1.1366019248962402 53
1679764192079 1.4406085014343262 54
1679764240926 1.1417323350906372 55
1679764294384 1.4779927730560303 56
1679764346927 1.3995587825775146 57
1679764399423 1.36372971534729 58
1679764453096 1.220266342163086 59
1679764505299 1.4285064935684204 60
1679764555075 1.7663919925689697 61
1679764601704 1.1064211130142212 62
1679764646767 1.3775207996368408 63
1679764689618 1.4642961025238037 64
1679764733611 1.3976777791976929 65
1679764784929 1.3852512836456299 66
1679764840463 2.220993757247925 67
1679764888940 1.8915687799453735 68
1679764938737 1.3887732028961182 69
1679764989252 2.523315668106079 70
1679765034873 1.4186654090881348 71
1679765082276 1.3693734407424927 72
1679765133601 1.3050832748413086 73
1679765180774 1.4195771217346191 74
1679765228280 1.3901270627975464 75
1679765271207 1.3696292638778687 76
1679765312780 1.3496403694152832 77
1679765354499 2.3008861541748047 78
1679765396300 1.4358810186386108 79
1679765445218 1.3009440898895264 80
1679765487357 1.3612295389175415 81
1679765529548 1.7251754999160767 82
1679765572580 1.3467998504638672 83
1679765615015 2.980065107345581 84
1679765657456 1.4343547821044922 85
1679765700002 1.3750803470611572 86
1679765742546 1.4057786464691162 87
1679765785791 1.4722414016723633 88
1679765830366 1.3965562582015991 89
1679765879070 1.4104444980621338 90
1679765924249 1.405250072479248 91
1679765965996 1.3716256618499756 92
1679766019832 1.3913021087646484 93
1679766072205 1.4067775011062622 94
1679766120440 1.380760908126831 95
1679766165871 0.6759448051452637 96
1679766211491 1.4017565250396729 97
1679766257319 0.8522111177444458 98
1679766303176 1.3858017921447754 99
1679766357120 1.3873735666275024 100
