1679761749708 9.832947731018066 1
1679761795822 10.980140686035156 2
1679761842096 28.784095764160156 3
1679761888559 8.425432205200195 4
1679761935229 9.364217758178711 5
1679761982724 41.91631317138672 6
1679762029857 8.414697647094727 7
1679762077009 13.864866256713867 8
1679762124621 8.85521125793457 9
1679762172405 9.292474746704102 10
1679762220280 12.14396858215332 11
1679762268375 7.821363925933838 12
1679762316970 11.126152992248535 13
1679762365397 46.21391296386719 14
1679762411892 6.4894819259643555 15
1679762456074 1.4321205615997314 16
1679762499873 0.49089598655700684 17
1679762544041 2.395854949951172 18
1679762588224 1.4875316619873047 19
1679762636694 4.838498115539551 20
1679762682026 1.0109390020370483 21
1679762728328 0.2668890058994293 22
1679762774701 0.5734930038452148 23
1679762816806 0.4909966289997101 24
1679762857969 1.600974202156067 25
1679762898084 0.31357908248901367 26
1679762937809 0.780142068862915 27
1679762990182 1.827836036682129 28
1679763044366 0.8571112155914307 29
1679763099214 1.1054050922393799 30
1679763149304 0.02040352113544941 31
1679763192005 0.3408653140068054 32
1679763244683 0.14727434515953064 33
1679763301040 0.6935033798217773 34
1679763347422 0.0369296595454216 35
1679763391840 3.059152364730835 36
1679763435426 0.836187481880188 37
1679763484788 0.7943335175514221 38
1679763528015 0.9272329807281494 39
1679763580056 0.16088110208511353 40
1679763625317 1.0870574712753296 41
1679763668131 0.448821485042572 42
1679763710370 1.7856836318969727 43
1679763754316 0.7314612865447998 44
1679763800966 0.393991082906723 45
1679763847459 1.9466931819915771 46
1679763890312 1.1655970811843872 47
1679763936911 1.3681139945983887 48
1679763979343 1.144737958908081 49
1679764020126 1.3837697505950928 50
1679764062626 1.7886528968811035 51
1679764104483 0.8445857763290405 52
1679764146668 0.7438571453094482 53
1679764192079 3.4595329761505127 54
1679764240926 2.1228933334350586 55
1679764294384 0.5045537948608398 56
1679764346927 1.461641788482666 57
1679764399423 0.958179235458374 58
1679764453096 0.3519248962402344 59
1679764505299 0.8766334056854248 60
1679764555075 0.8345741033554077 61
1679764601704 0.4983997941017151 62
1679764646767 0.4526199996471405 63
1679764689618 0.8343356847763062 64
1679764733611 0.31030938029289246 65
1679764784929 0.8259744048118591 66
1679764840463 4.086582183837891 67
1679764888940 1.8441028594970703 68
1679764938737 0.8356289863586426 69
1679764989252 0.011773360893130302 70
1679765034873 0.5681804418563843 71
1679765082276 0.7325870990753174 72
1679765133601 1.2429362535476685 73
1679765180774 0.6078799962997437 74
1679765228280 1.0059750080108643 75
1679765271207 0.7723534107208252 76
1679765312780 0.6850412487983704 77
1679765354499 0.3405863642692566 78
1679765396300 0.7631053924560547 79
1679765445218 1.067845344543457 80
1679765487357 0.9603480100631714 81
1679765529548 0.4233326315879822 82
1679765572580 0.9899276494979858 83
1679765615015 0.18239571154117584 84
1679765657456 0.5258533954620361 85
1679765700002 0.7236583232879639 86
1679765742546 0.49516570568084717 87
1679765785791 0.4056379795074463 88
1679765830366 0.6239384412765503 89
1679765879070 0.7504937648773193 90
1679765924249 0.9054193496704102 91
1679765965996 1.0399913787841797 92
1679766019832 0.8325718641281128 93
1679766072205 0.755361795425415 94
1679766120440 0.6056773662567139 95
1679766165871 1.0750184059143066 96
1679766211491 0.588580846786499 97
1679766257319 0.20963320136070251 98
1679766303176 0.6507412195205688 99
1679766357120 0.6708692312240601 100
