1678313320030 115.16425403448251 0
1678313405969 58.06104407035387 1
1678313498035 95.03032582600912 2
1678313579713 91.3311755058093 3
1678313678010 17.135875148498094 4
1678313730620 0.20234447832290942 5
1678313800559 0.20143627440318082 6
1678313908792 0.19892432040128952 7
1678314019775 30.512650554455245 8
1678314122940 78.86513939515139 9
1678314254788 72.93530461115715 10
1678314363222 82.7805857756199 11
1678314464271 89.56443250607222 12
1678314560392 23.114400093524885 13
1678314656118 0.2020517599888337 14
1678314752300 79.39991661730485 15
1678314848488 77.12562397940036 16
1678314951431 17.120213932639512 17
1678315056280 0.19890807301570207 18
1678315160947 23.2844551162842 19
1678315247571 59.877622844317024 20
1678315337812 92.92468157059108 21
1678315424288 69.76743089724809 22
1678315506674 78.1449015812232 23
1678315591214 83.66240373269106 24
1678315666293 86.64494288174005 25
1678315735453 62.13607885478399 26
1678315846493 95.00437238644331 27
1678315956861 72.65562904553536 28
1678316053835 88.27499838349146 29
1678316147403 91.04907872126653 30
1678316241085 42.146654478021155 31
1678316342756 58.41547160607118 32
1678316437431 32.98089989309128 33
1678316532148 0.2007611068395468 34
1678316626782 0.20107016548132284 35
1678316713720 0.22368098581448578 36
1678316766258 0.2001346487265367 37
1678316865235 0.19915169538595737 38
1678316979569 0.21280643672515184 39
1678317149857 0.20093288597388145 40
1678317216495 12.61736873839146 41
1678317306480 56.314883798131575 42
1678317396574 18.086537576409487 43
1678317492172 8.755415144333472 44
1678317545764 61.60857025018105 45
1678317603695 0.2553577918272752 46
1678317743145 23.94749189752799 47
1678317861078 0.280562681494615 48
1678317969842 0.20160538928631025 49
1678318114128 0.19904645054768294 50
1678318204922 0.19931306403416854 51
1678318293481 0.21405521715298678 52
1678318382086 0.2032651390020664 53
1678318470286 0.2006700399594429 54
1678318586321 0.7334270130365322 55
1678318684594 0.25503071951560485 56
1678318799685 0.19892704211748563 57
1678318899298 0.19856809614560542 58
1678318998675 0.20176455829388057 59
1678319103066 36.02304860001955 60
1678319210303 78.29076209435097 61
1678319313981 71.18957181099134 62
1678319416905 25.78379393357497 63
1678319525085 0.9639703748317865 64
1678319613367 0.36182640225459367 65
