1678313319967 28.882737775591206 0
1678313405962 54.41786461366245 1
1678313498022 34.20830008922479 2
1678313579709 18.12615461838551 3
1678313677996 20.88324743662125 4
1678313730616 8.425959591987805 5
1678313800555 7.070295820480738 6
1678313908787 7.299637664892734 7
1678314019768 6.973258228791066 8
1678314122936 31.85623190219586 9
1678314254783 15.072276932153946 10
1678314363214 16.314905587220803 11
1678314464267 7.608843756944705 12
1678314560388 12.088101700024728 13
1678314656114 7.244879512297802 14
1678314752294 19.813643467731964 15
1678314848483 11.599939324305607 16
1678314951426 8.089820311619686 17
1678315056274 7.462352867615529 18
1678315160944 13.062730517754188 19
1678315247567 14.44966824115851 20
1678315337807 9.456903151976757 21
1678315424274 7.21064717219426 22
1678315506667 7.488586824368208 23
1678315591211 7.256672636667887 24
1678315666289 8.87975097802969 25
1678315735442 9.52322079340617 26
1678315846485 7.299986951779097 27
1678315956857 7.2425005032466006 28
1678316053822 8.305845221495018 29
1678316147400 7.362476554283729 30
1678316241079 9.187193437723012 31
1678316342750 11.376599825345552 32
1678316437424 12.923845802209316 33
1678316532144 7.707284971383902 34
1678316626778 8.022788808284663 35
1678316713716 7.855750756385999 36
1678316766250 7.329839943616818 37
1678316865224 7.520594765589787 38
1678316979566 7.481755823966784 39
1678317149853 7.304886852166591 40
1678317216487 10.683295621627416 41
1678317306467 10.455525972904303 42
1678317396568 11.812772308251796 43
1678317492169 12.182549371474828 44
1678317545761 12.032770095727383 45
1678317603689 7.80955972182445 46
1678317743141 8.069479211171467 47
1678317861074 7.452283118321345 48
1678317969836 7.479862041962453 49
1678318114124 7.2746335102961615 50
1678318204917 7.348420610183324 51
1678318293474 7.526906862014379 52
1678318382081 7.597323290506998 53
1678318470282 7.497695326193785 54
1678318586317 9.311057418431991 55
1678318684588 9.55605261631501 56
1678318799680 8.160840865893242 57
1678318899294 7.718546414986635 58
1678318998670 7.728287425407997 59
1678319103062 12.81330225284283 60
1678319210293 8.067298532143617 61
1678319313977 7.751045165917812 62
1678319416899 7.438874878027501 63
1678319525082 8.303393801664695 64
1678319613362 11.389824632497934 65
