1677443437691 114.89702375240815 0
1677443507547 16.259911024646883 1
1677443553513 0.2535853986556713 2
1677443601372 0.36915378876221483 3
1677443644794 0.731028197438289 4
1677443688174 0.548983900822126 5
1677443746368 0.49806091571465516 6
1677443800513 0.8789427355313912 7
1677443844577 1.1623773520573593 8
1677443888567 2.1233892534023675 9
1677443932798 3.2854202820704534 10
1677444010606 1.7815955327107356 11
1677444057178 1.4643103037125025 12
1677444105046 1.5452861724755702 13
1677444151718 1.5072147999054346 14
1677444220288 1.4233449984819462 15
1677444340512 1.7690111860250815 16
1677444388131 1.6060637143942027 17
1677444436522 1.4381672253975502 18
1677444480338 1.952619245266303 19
