1677443437655 42.30944695106412 0
1677443507533 32.678697102879866 1
1677443553509 13.296314327533429 2
1677443601368 15.373574370604295 3
1677443644787 10.703791846678808 4
1677443688170 10.571356610762768 5
1677443746364 13.229624892503788 6
1677443800506 7.134793784755927 7
1677443844572 5.288927558967724 8
1677443888561 3.0560694702793487 9
1677443932792 1.5893320120166605 10
1677444010595 0.8288429004036469 11
1677444057173 0.7343279023392079 12
1677444105042 0.7478105315508751 13
1677444151710 0.7413342732434662 14
1677444220284 0.7266428815630767 15
1677444340504 0.9324254780930157 16
1677444388127 0.8128403427724081 17
1677444436518 0.7469610487803434 18
1677444480326 1.0841596518698422 19
