1679766830446 1.2935187816619873 1
1679766830915 1.1063518524169922 2
1679766831338 5.270558834075928 3
1679766831717 7.019531726837158 4
1679766832087 5.872031211853027 5
1679766832446 3.0444517135620117 6
1679766832800 2.3762497901916504 7
1679766833155 3.0741209983825684 8
1679766833519 3.734783887863159 9
1679766833877 4.076748371124268 10
1679766834240 4.2010979652404785 11
1679766834607 4.23966646194458 12
1679766835006 5.427189826965332 13
1679766835387 7.794078826904297 14
1679766835760 9.6263427734375 15
1679766836214 10.63987922668457 16
1679766836634 10.744876861572266 17
1679766837062 9.661983489990234 18
1679766837398 7.133523941040039 19
1679766837753 4.8563971519470215 20
1679766838082 6.19966459274292 21
1679766838416 11.218539237976074 22
1679766838771 13.046331405639648 23
1679766839118 11.336527824401855 24
1679766839458 9.673133850097656 25
1679766839798 8.671926498413086 26
1679766840107 8.022571563720703 27
1679766840443 6.81414794921875 28
1679766840812 7.554256916046143 29
1679766841139 9.259611129760742 30
1679766841462 10.611615180969238 31
1679766841783 11.854578018188477 32
1679766842228 13.635197639465332 33
1679766842554 11.005704879760742 34
1679766842880 8.099531173706055 35
1679766843218 7.6392107009887695 36
1679766843537 10.696194648742676 37
1679766843867 14.128339767456055 38
1679766844188 14.487826347351074 39
1679766844510 12.279707908630371 40
1679766844832 9.917898178100586 41
1679766845159 9.628355026245117 42
1679766845484 10.404350280761719 43
1679766845805 10.140480995178223 44
1679766846185 9.490612030029297 45
1679766846529 9.560461044311523 46
1679766846858 10.90367317199707 47
1679766847195 10.436225891113281 48
1679766847519 8.375212669372559 49
1679766847857 8.060798645019531 50
1679766848235 8.22697639465332 51
1679766848767 8.158992767333984 52
1679766849107 8.323677062988281 53
1679766849572 9.453847885131836 54
1679766850025 10.86100959777832 55
1679766850357 11.71556568145752 56
1679766850692 11.693757057189941 57
1679766851023 10.340749740600586 58
1679766851410 8.319425582885742 59
1679766851815 7.114092826843262 60
1679766852156 8.22288703918457 61
1679766852476 9.330872535705566 62
1679766852868 9.419299125671387 63
1679766853212 9.229215621948242 64
1679766853546 8.54013442993164 65
1679766853894 7.336012840270996 66
1679766854240 7.772287368774414 67
1679766854589 9.844602584838867 68
1679766854913 10.886558532714844 69
1679766855291 10.340970039367676 70
1679766855615 9.618946075439453 71
1679766855943 14.248281478881836 72
1679766856314 19.363147735595703 73
1679766856692 20.012935638427734 74
1679766857024 16.658363342285156 75
1679766857350 11.548759460449219 76
1679766857674 8.635455131530762 77
1679766857994 9.920473098754883 78
1679766858318 10.303486824035645 79
1679766858643 9.279203414916992 80
1679766858971 8.172965049743652 81
1679766859314 7.76820182800293 82
1679766859643 7.697578430175781 83
1679766859931 7.287712097167969 84
1679766860215 6.585565567016602 85
1679766860545 6.5011138916015625 86
1679766860868 6.202909469604492 87
1679766861347 9.135986328125 88
1679766861696 8.1437406539917 89
1679766862067 6.208193778991699 90
1679766862392 8.144315719604492 91
1679766862717 10.253101348876953 92
1679766863042 10.962646484375 93
1679766863379 11.155702590942383 94
1679766863711 12.739555358886719 95
1679766864038 9.461723327636719 96
1679766864389 9.934188842773438 97
1679766864835 11.664617538452148 98
1679766865170 12.718135833740234 99
1679766865488 12.601104736328125 100
1679766865828 11.309857368469238 101
1679766866169 10.609041213989258 102
1679766866524 10.783036231994629 103
1679766866873 10.456449508666992 104
1679766867246 9.763452529907227 105
1679766867574 9.041219711303711 106
1679766867900 8.239683151245117 107
1679766868270 7.822017669677734 108
1679766868594 7.730266094207764 109
1679766868908 7.759389877319336 110
1679766869240 7.878816604614258 111
1679766869567 7.811429023742676 112
1679766869904 7.734381675720215 113
1679766870236 8.09217643737793 114
1679766870614 8.100061416625977 115
1679766870934 8.174667358398438 116
1679766871267 8.326496124267578 117
1679766871642 8.558259963989258 118
1679766871958 8.946798324584961 119
1679766872321 9.407835960388184 120
1679766872658 9.971049308776855 121
1679766872982 9.801310539245605 122
1679766873298 9.631990432739258 123
1679766873617 10.985206604003906 124
1679766874127 12.612411499023438 125
1679766874478 12.966571807861328 126
1679766874826 10.512289047241211 127
1679766875178 9.965606689453125 128
1679766875525 8.644204139709473 129
1679766875884 9.691357612609863 130
1679766876248 12.152565002441406 131
1679766876599 13.823328018188477 132
1679766876945 13.849471092224121 133
1679766877422 12.475380897521973 134
1679766877732 10.65951156616211 135
1679766878052 11.737462997436523 136
1679766878366 12.871167182922363 137
1679766878688 12.638139724731445 138
1679766879013 11.739133834838867 139
1679766879449 10.072071075439453 140
1679766879796 8.442702293395996 141
1679766880153 7.630584716796875 142
1679766880541 7.294834136962891 143
1679766880885 7.37109375 144
1679766881220 7.526277542114258 145
1679766881546 7.756289482116699 146
1679766881869 7.848034858703613 147
1679766882189 7.746440887451172 148
1679766882522 7.513157367706299 149
1679766882852 7.2491135597229 150
1679766883176 6.654636859893799 151
1679766883511 8.888788223266602 152
1679766883843 10.88753604888916 153
1679766884178 11.809833526611328 154
1679766884554 11.799186706542969 155
1679766884825 10.43556022644043 156
1679766885159 9.603771209716797 157
1679766885499 10.600448608398438 158
1679766885821 11.814905166625977 159
1679766886147 12.403631210327148 160
1679766886472 11.932924270629883 161
1679766886799 10.330316543579102 162
1679766887128 8.691827774047852 163
1679766887452 8.473527908325195 164
1679766887777 9.416509628295898 165
1679766888099 10.238039016723633 166
1679766888423 10.114262580871582 167
1679766888752 9.86848258972168 168
1679766889066 11.075517654418945 169
1679766889381 11.374988555908203 170
1679766889705 9.677541732788086 171
1679766890031 7.004788398742676 172
1679766890363 9.342536926269531 173
1679766890689 13.243281364440918 174
1679766891027 14.760797500610352 175
1679766891357 13.26547622680664 176
1679766891679 10.011194229125977 177
1679766892011 7.695803642272949 178
1679766892346 6.9583635330200195 179
1679766892659 7.611414909362793 180
1679766892978 7.950582504272461 181
1679766893301 8.016363143920898 182
1679766893623 7.831107139587402 183
1679766893945 7.417806625366211 184
1679766894290 6.869427680969238 185
1679766894586 6.684436321258545 186
1679766894919 7.329924583435059 187
1679766895258 7.7314958572387695 188
1679766895583 9.95864486694336 189
1679766895907 13.4677152633667 190
1679766896347 16.104461669921875 191
1679766896718 16.427818298339844 192
1679766897091 13.790884971618652 193
1679766897415 9.920376777648926 194
1679766897734 9.832947731018066 195
1679766904913 12.991106986999512 196
1679766905318 14.398221969604492 197
1679766905694 13.727309226989746 198
1679766906047 11.539926528930664 199
1679766906559 9.226240158081055 200
1679766906965 11.832420349121094 201
1679766907336 13.383928298950195 202
1679766907699 13.189469337463379 203
1679766908079 10.689908027648926 204
1679766908457 8.07092571258545 205
1679766908822 7.424959659576416 206
1679766909292 7.212287902832031 207
1679766909735 6.140646934509277 208
1679766910097 5.961426734924316 209
1679766910484 5.934462547302246 210
1679766910857 6.135123252868652 211
1679766911227 6.4898881912231445 212
1679766911597 6.927186965942383 213
1679766911975 7.42938232421875 214
1679766912369 7.186661720275879 215
1679766912732 6.007872104644775 216
1679766913104 6.341013431549072 217
1679766913490 15.598602294921875 218
1679766913857 32.21360778808594 219
1679766914183 42.19597625732422 220
1679766914495 53.48400115966797 221
1679766914835 63.412139892578125 222
1679766915151 74.16341400146484 223
1679766915468 85.12492370605469 224
1679766915797 97.5660400390625 225
1679766916113 99.10508728027344 226
1679766916427 100.0 227
1679766916738 100.0 228
1679766917051 97.70784759521484 229
1679766917376 92.97997283935547 230
1679766917697 85.123779296875 231
1679766918048 76.37834167480469 232
1679766918374 68.9097900390625 233
1679766918676 61.28206253051758 234
1679766918996 55.56559753417969 235
1679766919324 49.6517219543457 236
1679766919641 44.56012725830078 237
1679766920005 40.61531066894531 238
1679766920385 37.62146759033203 239
1679766920778 32.45685577392578 240
1679766921136 14.183099746704102 241
1679766921527 9.099177360534668 242
1679766921878 11.005254745483398 243
1679766922230 24.44589614868164 244
1679766922601 38.229652404785156 245
1679766922950 50.04584884643555 246
1679766923312 61.001441955566406 247
1679766923676 69.2378158569336 248
1679766924023 72.87289428710938 249
1679766924388 75.65135955810547 250
1679766924842 75.70247650146484 251
1679766925137 76.13036346435547 252
1679766925502 72.91804504394531 253
1679766925852 71.70681762695312 254
1679766926178 69.63868713378906 255
1679766926511 67.72987365722656 256
1679766926855 63.83092498779297 257
1679766927196 61.599761962890625 258
1679766927536 58.529632568359375 259
1679766927945 56.15208435058594 260
1679766928308 53.977027893066406 261
1679766928713 50.783294677734375 262
1679766929089 48.5969352722168 263
1679766929420 45.19757843017578 264
1679766929762 43.01863479614258 265
1679766930082 39.84162902832031 266
1679766930407 37.83140563964844 267
1679766930734 34.60133743286133 268
1679766931086 27.66292953491211 269
1679766931440 17.733638763427734 270
1679766931817 9.677260398864746 271
1679766932206 7.969261169433594 272
1679766932563 7.226783752441406 273
1679766932961 6.762006759643555 274
1679766933303 6.895463466644287 275
1679766933707 7.750034332275391 276
1679766934050 8.944021224975586 277
1679766934449 10.199005126953125 278
1679766934796 11.178433418273926 279
1679766935173 11.134225845336914 280
1679766935498 9.81782341003418 281
1679766935872 14.994199752807617 282
1679766936234 15.898938179016113 283
1679766936591 13.684629440307617 284
1679766936933 10.230005264282227 285
1679766937263 7.600445747375488 286
1679766937613 7.839775085449219 287
1679766937947 8.23811149597168 288
1679766938295 8.761127471923828 289
1679766938634 10.146074295043945 290
1679766938954 12.830504417419434 291
1679766939332 14.364176750183105 292
1679766939942 14.521722793579102 293
1679766940265 12.780919075012207 294
1679766940919 11.133378982543945 295
1679766941249 9.14378547668457 296
1679766941579 7.410587310791016 297
1679766941913 6.453280448913574 298
1679766942254 6.711409568786621 299
1679766942593 7.83986759185791 300
1679766942907 9.058464050292969 301
1679766943228 9.701218605041504 302
1679766943532 9.948368072509766 303
1679766943852 9.603461265563965 304
1679766944180 9.20351791381836 305
1679766944552 8.449544906616211 306
1679766944850 7.424598693847656 307
1679766945170 6.693914413452148 308
1679766945501 6.8185625076293945 309
1679766945837 7.387462139129639 310
1679766946215 7.622600555419922 311
1679766946547 7.491433620452881 312
1679766946875 7.174561500549316 313
1679766947211 7.425292015075684 314
1679766947572 7.987075328826904 315
1679766947923 8.872194290161133 316
1679766948261 9.42929458618164 317
1679766948600 9.3515625 318
1679766948924 9.24183177947998 319
1679766949255 9.442249298095703 320
1679766949575 9.21926498413086 321
1679766949914 8.331056594848633 322
1679766950255 7.1285400390625 323
1679766950578 7.102607727050781 324
1679766950907 8.737360000610352 325
1679766951240 10.945192337036133 326
1679766951562 13.817401885986328 327
1679766951883 16.14700698852539 328
1679766952221 15.960198402404785 329
1679766952566 13.79338264465332 330
1679766952907 10.978408813476562 331
1679766953289 8.73776626586914 332
1679766953672 7.299992561340332 333
1679766954006 6.569828510284424 334
1679766954339 6.246563911437988 335
1679766954661 6.398907661437988 336
1679766954937 6.978104591369629 337
1679766955264 7.1132121086120605 338
1679766955601 7.357030391693115 339
1679766955939 7.8706278800964355 340
1679766956277 8.206374168395996 341
1679766956633 8.173548698425293 342
1679766957041 7.837087631225586 343
1679766957415 8.887412071228027 344
1679766957731 11.12652587890625 345
1679766958059 12.474832534790039 346
1679766958393 12.819511413574219 347
1679766958760 12.999714851379395 348
1679766959081 27.124923706054688 349
1679766959430 42.90583419799805 350
1679766959752 58.94697952270508 351
1679766960100 74.89450073242188 352
1679766960464 88.08537292480469 353
1679766960846 98.52445983886719 354
1679766961173 99.4063720703125 355
1679766961504 100.0 356
1679766961839 100.0 357
1679766962227 100.0 358
1679766962618 100.0 359
1679766962968 100.0 360
1679766963348 99.00164794921875 361
1679766963699 98.04815673828125 362
1679766964056 90.92633056640625 363
1679766964530 81.9915771484375 364
1679766964856 73.45706176757812 365
1679766965235 64.41410827636719 366
1679766965625 58.072078704833984 367
1679766966032 50.79512023925781 368
1679766966362 45.284820556640625 369
1679766966691 39.74189758300781 370
1679766967067 34.999473571777344 371
1679766967411 30.108205795288086 372
1679766967830 25.244976043701172 373
1679766968174 20.369291305541992 374
1679766968576 16.123882293701172 375
1679766968982 12.589677810668945 376
1679766969325 9.620532989501953 377
1679766969692 5.574948787689209 378
1679766970033 1.987053632736206 379
1679766970388 12.424905776977539 380
1679766970736 14.969623565673828 381
1679766971061 12.516108512878418 382
1679766971399 5.650568962097168 383
1679766971727 5.290235996246338 384
1679766972071 11.176618576049805 385
1679766972474 14.106352806091309 386
1679766972823 15.185754776000977 387
1679766973188 13.828529357910156 388
1679766973714 10.605156898498535 389
1679766974102 6.897253036499023 390
1679766974961 3.426234245300293 391
1679766975382 2.343838691711426 392
1679766975756 2.7779979705810547 393
1679766976140 7.88539457321167 394
1679766976496 14.233197212219238 395
1679766976871 20.070457458496094 396
1679766977313 23.836963653564453 397
1679766977771 27.0711612701416 398
1679766980448 27.660743713378906 399
1679766982235 25.12371063232422 400
1679766982957 21.96401596069336 401
1679766983300 18.691532135009766 402
1679766983626 16.748424530029297 403
1679766983969 14.563760757446289 404
1679766986159 12.487298965454102 405
1679766988297 9.267690658569336 406
1679766989064 6.5234575271606445 407
1679766989394 7.872325420379639 408
1679766989728 8.817124366760254 409
1679766990056 7.941669940948486 410
1679766990395 7.782123565673828 411
1679766990744 7.347228050231934 412
1679766991088 6.481666088104248 413
1679766991430 6.175146102905273 414
1679766991762 6.089926719665527 415
1679766992093 6.714264392852783 416
1679766992441 7.085836887359619 417
1679766992768 7.1841230392456055 418
1679766993124 7.323627471923828 419
1679766993523 7.000036239624023 420
1679766993847 6.884089469909668 421
1679766994172 7.5780253410339355 422
1679766994636 9.198646545410156 423
1679766994984 11.068114280700684 424
1679766995338 12.142267227172852 425
1679766995669 11.191455841064453 426
1679766996001 9.936339378356934 427
1679766996339 14.464061737060547 428
1679766996665 18.967702865600586 429
1679766996998 19.386451721191406 430
1679766997393 16.332233428955078 431
1679766997720 11.77610969543457 432
1679766998049 11.52322006225586 433
1679766998383 13.739015579223633 434
1679766998725 13.923661231994629 435
1679766999050 12.59048843383789 436
1679766999384 11.988272666931152 437
1679766999692 10.154375076293945 438
1679767000006 9.729692459106445 439
1679767000347 10.77717399597168 440
1679767000730 11.863898277282715 441
1679767001069 12.169905662536621 442
1679767001421 11.096057891845703 443
1679767001805 9.776677131652832 444
1679767002310 8.878959655761719 445
1679767002754 8.964000701904297 446
1679767003131 9.258526802062988 447
1679767003493 9.726083755493164 448
1679767003862 9.766641616821289 449
1679767004240 9.524110794067383 450
1679767004606 9.054636001586914 451
1679767004982 8.337934494018555 452
1679767005342 7.772783279418945 453
1679767005687 7.225717544555664 454
1679767006056 6.845414638519287 455
1679767006428 6.722731113433838 456
1679767006790 6.7440385818481445 457
1679767007151 6.842745304107666 458
1679767007519 7.061357498168945 459
1679767007885 7.313407897949219 460
1679767008239 7.462492942810059 461
1679767008616 7.620922565460205 462
1679767008980 7.602408409118652 463
1679767009356 7.364810466766357 464
1679767009702 6.980831146240234 465
1679767010074 8.204158782958984 466
1679767010445 9.475916862487793 467
1679767010805 10.48946475982666 468
1679767011191 10.489870071411133 469
1679767011549 10.613293647766113 470
1679767011906 10.62667465209961 471
1679767012288 11.48837947845459 472
1679767012656 12.72915267944336 473
1679767013007 13.600679397583008 474
1679767013374 8.416418075561523 475
1679767013740 22.86928939819336 476
1679767014100 39.34280776977539 477
1679767014473 53.905426025390625 478
1679767014839 69.70008850097656 479
1679767015195 80.56227111816406 480
1679767015563 90.09483337402344 481
1679767015929 98.27116394042969 482
1679767016300 97.8485336303711 483
1679767016658 98.05706024169922 484
1679767017016 96.60368347167969 485
1679767017369 99.03237915039062 486
1679767017724 98.64031982421875 487
1679767018090 98.6004638671875 488
1679767018454 99.00798034667969 489
1679767018821 98.08663940429688 490
1679767019194 97.44377136230469 491
1679767019549 94.0658950805664 492
1679767019896 98.12770080566406 493
1679767020263 94.11708068847656 494
1679767020618 92.99788665771484 495
1679767020986 88.5615234375 496
1679767021350 88.2388916015625 497
1679767021718 81.97905731201172 498
1679767022078 71.7706527709961 499
1679767022463 70.08870697021484 500
1679767022810 63.406551361083984 501
1679767023177 56.766334533691406 502
1679767023543 51.6717643737793 503
1679767023897 48.925750732421875 504
1679767024267 43.47572326660156 505
1679767024636 39.245460510253906 506
1679767024987 36.178504943847656 507
1679767025407 28.05367660522461 508
1679767025770 23.54100799560547 509
1679767026125 17.911178588867188 510
1679767026508 13.709197998046875 511
1679767026870 9.585348129272461 512
1679767027269 17.691612243652344 513
1679767027632 22.40249252319336 514
1679767027991 23.057430267333984 515
1679767028350 21.41421127319336 516
1679767028707 14.618246078491211 517
1679767029107 11.667546272277832 518
1679767029489 13.179376602172852 519
1679767029853 15.821271896362305 520
1679767030216 16.987255096435547 521
1679767030586 16.904600143432617 522
1679767030958 16.473600387573242 523
1679767031320 12.955221176147461 524
1679767031752 10.885007858276367 525
1679767032111 15.282960891723633 526
1679767032496 20.05828857421875 527
1679767032875 20.391433715820312 528
1679767033247 11.899053573608398 529
1679767033607 6.24034309387207 530
1679767033967 17.336990356445312 531
1679767034335 15.543220520019531 532
1679767034723 4.778170585632324 533
1679767035094 0.7781103849411011 534
1679767035463 0.5728910565376282 535
1679767035833 2.384136199951172 536
1679767036234 2.431769371032715 537
1679767036632 0.9694095849990845 538
1679767036996 0.18469153344631195 539
1679767037356 0.2941995859146118 540
1679767037713 0.8653834462165833 541
1679767038082 1.4992194175720215 542
1679767038438 1.931165337562561 543
1679767038799 1.9745137691497803 544
1679767039164 2.5976967811584473 545
1679767039518 5.54505729675293 546
1679767039870 5.051549911499023 547
1679767040235 3.2482900619506836 548
1679767040584 4.263254165649414 549
1679767040947 7.265571117401123 550
1679767041314 9.730896949768066 551
1679767041716 11.948572158813477 552
1679767042077 12.466617584228516 553
1679767042449 14.717954635620117 554
1679767042787 12.912805557250977 555
1679767043144 13.245359420776367 556
1679767043493 12.347829818725586 557
1679767043858 11.899417877197266 558
1679767044241 9.893749237060547 559
1679767044604 7.649809837341309 560
1679767044956 8.197460174560547 561
1679767045314 7.781625747680664 562
1679767045675 7.012112617492676 563
1679767046028 7.686857223510742 564
1679767046410 9.115077018737793 565
1679767046771 9.650471687316895 566
1679767047128 9.608390808105469 567
1679767047508 6.973085403442383 568
1679767047870 8.507028579711914 569
1679767048233 9.383865356445312 570
1679767048604 8.582027435302734 571
1679767048966 7.117613792419434 572
1679767049336 7.606753349304199 573
1679767049713 8.672483444213867 574
1679767050070 8.530070304870605 575
1679767050444 7.424098491668701 576
1679767050806 6.700440406799316 577
1679767051169 6.845702648162842 578
1679767051530 7.09854793548584 579
1679767051877 7.162993431091309 580
1679767052228 7.037164688110352 581
1679767052592 6.915804386138916 582
1679767052951 6.907264709472656 583
1679767053318 7.098464488983154 584
1679767053670 7.275170803070068 585
1679767054499 7.431977272033691 586
1679767054935 7.64405632019043 587
1679767055392 7.9616498947143555 588
1679767055888 8.276541709899902 589
1679767056269 8.616097450256348 590
1679767056646 8.6819486618042 591
1679767057022 8.79702377319336 592
1679767057399 8.69914436340332 593
1679767057773 8.658875465393066 594
1679767058150 8.2610445022583 595
1679767058525 8.187429428100586 596
1679767058889 8.031150817871094 597
1679767059280 7.894620418548584 598
1679767059652 7.849175453186035 599
1679767060039 7.8213934898376465 600
1679767060406 7.830066680908203 601
1679767060782 8.048935890197754 602
1679767061144 8.010980606079102 603
1679767061515 7.920970916748047 604
1679767061882 8.085835456848145 605
1679767062248 8.179910659790039 606
1679767062626 8.386754989624023 607
1679767062996 8.715282440185547 608
1679767063374 9.05450439453125 609
1679767063753 9.26194953918457 610
1679767064128 9.431257247924805 611
1679767064501 9.552082061767578 612
1679767064860 9.421411514282227 613
1679767065207 9.255830764770508 614
1679767065569 9.128777503967285 615
1679767065924 8.905740737915039 616
1679767066273 8.944015502929688 617
1679767066632 9.677412033081055 618
1679767066987 9.694228172302246 619
1679767067336 9.906322479248047 620
1679767067696 10.216084480285645 621
1679767068055 9.989684104919434 622
1679767068405 9.808830261230469 623
1679767068763 10.062442779541016 624
1679767069123 9.381891250610352 625
1679767069474 9.977123260498047 626
1679767069841 11.129129409790039 627
1679767070189 12.461883544921875 628
1679767070551 13.854205131530762 629
1679767070909 16.605731964111328 630
1679767071275 19.388927459716797 631
1679767071630 24.318119049072266 632
1679767071997 25.473073959350586 633
1679767072362 31.931488037109375 634
1679767072725 30.645156860351562 635
1679767073088 41.80012130737305 636
1679767073449 35.286460876464844 637
1679767073798 26.03893280029297 638
1679767074169 66.85537719726562 639
1679767074541 89.09068298339844 640
1679767074897 93.924560546875 641
1679767075251 99.52674865722656 642
1679767075606 98.94620513916016 643
1679767075948 96.647216796875 644
1679767076308 99.41311645507812 645
1679767076667 100.0 646
1679767077021 97.92300415039062 647
1679767077384 100.0 648
1679767077737 100.0 649
1679767078084 100.0 650
1679767078444 100.0 651
1679767078799 100.0 652
1679767079152 100.0 653
1679767079506 100.0 654
1679767079860 97.83255004882812 655
1679767080204 100.0 656
1679767080566 100.0 657
1679767080915 100.0 658
1679767081285 100.0 659
1679767081652 98.130859375 660
1679767082010 100.0 661
1679767082378 100.0 662
1679767082738 100.0 663
1679767083096 97.46928405761719 664
1679767083456 100.0 665
1679767083811 100.0 666
1679767084167 99.26449584960938 667
1679767084521 98.75627136230469 668
1679767084861 96.53172302246094 669
1679767085233 100.0 670
1679767085587 99.40251159667969 671
1679767085952 98.78878784179688 672
1679767086308 99.63235473632812 673
1679767086662 98.02751159667969 674
1679767087015 98.98905944824219 675
1679767087372 98.42970275878906 676
1679767087744 100.0 677
1679767088101 96.43696594238281 678
1679767088461 96.68083190917969 679
1679767088814 98.17770385742188 680
1679767089183 93.30618286132812 681
1679767089542 89.53929901123047 682
1679767089903 93.03001403808594 683
1679767090276 95.11931610107422 684
1679767090627 92.79124450683594 685
1679767090986 81.49291229248047 686
1679767091356 91.76763153076172 687
1679767091726 83.40412902832031 688
1679767092092 79.45878601074219 689
1679767092462 87.08963012695312 690
1679767092815 84.64521026611328 691
1679767093172 89.37985229492188 692
1679767093524 84.03184509277344 693
1679767093879 77.16360473632812 694
1679767094245 75.87095642089844 695
1679767094604 79.0723876953125 696
1679767094956 73.09091186523438 697
1679767095323 68.45083618164062 698
1679767095687 65.29586791992188 699
1679767096042 50.496910095214844 700
1679767096425 59.86235427856445 701
1679767096769 54.91807556152344 702
1679767097119 59.89535903930664 703
1679767097473 47.303810119628906 704
1679767097836 56.182289123535156 705
1679767098180 53.33823776245117 706
1679767098537 48.486515045166016 707
1679767098888 46.67815399169922 708
1679767099245 40.654930114746094 709
1679767099612 42.465660095214844 710
1679767099974 46.04718780517578 711
1679767100323 40.78063201904297 712
1679767100676 43.72285461425781 713
1679767101037 48.38833236694336 714
1679767101386 42.520301818847656 715
1679767101727 28.49289894104004 716
1679767102077 12.507464408874512 717
1679767102441 42.12455368041992 718
1679767102781 40.215248107910156 719
1679767103127 31.065372467041016 720
1679767103478 25.687610626220703 721
1679767103836 35.5851936340332 722
1679767104181 34.428863525390625 723
1679767104525 41.46772384643555 724
1679767104867 44.282920837402344 725
1679767105225 12.758379936218262 726
1679767105583 5.277137756347656 727
1679767105931 9.356766700744629 728
1679767106298 12.154409408569336 729
1679767106647 8.027827262878418 730
1679767106990 15.799524307250977 731
1679767107348 47.84479522705078 732
1679767107792 57.063392639160156 733
1679767108142 58.620826721191406 734
1679767108487 65.22782897949219 735
1679767108833 77.43373107910156 736
1679767109189 77.97715759277344 737
1679767109537 72.05976867675781 738
1679767109890 75.35697937011719 739
1679767110273 83.08998107910156 740
1679767110624 83.55332946777344 741
1679767110994 88.31526947021484 742
1679767111361 79.85191345214844 743
1679767111711 82.59059143066406 744
1679767112072 84.19648742675781 745
1679767112437 79.32545471191406 746
1679767112795 69.52528381347656 747
1679767113156 67.237060546875 748
1679767113531 51.090755462646484 749
1679767113889 34.83831787109375 750
1679767114257 37.37012481689453 751
1679767114618 41.05668640136719 752
1679767114990 51.580650329589844 753
1679767115348 66.31916809082031 754
1679767115705 74.72955322265625 755
1679767116053 74.58367156982422 756
1679767116424 69.60247802734375 757
1679767116771 79.83150482177734 758
1679767117126 56.91395568847656 759
1679767117484 70.99112701416016 760
1679767117846 66.91145324707031 761
1679767118208 56.878868103027344 762
1679767118559 66.56324768066406 763
1679767118912 62.44085693359375 764
1679767119281 70.07881164550781 765
1679767119643 71.88738250732422 766
1679767119999 63.41935729980469 767
1679767120380 73.31315612792969 768
1679767120747 62.95702362060547 769
1679767121097 72.83026123046875 770
1679767121457 76.99393463134766 771
1679767121822 79.65705871582031 772
1679767122175 66.69186401367188 773
1679767122539 66.44990539550781 774
1679767122897 80.02012634277344 775
1679767123265 75.72455596923828 776
1679767123640 81.72335815429688 777
1679767123990 78.83377075195312 778
1679767124349 71.77262115478516 779
1679767124713 66.06446838378906 780
1679767125504 82.01376342773438 781
1679767125924 74.72988891601562 782
1679767126394 86.21073150634766 783
1679767126908 86.50091552734375 784
1679767127296 73.53251647949219 785
1679767127661 67.88815307617188 786
1679767128044 74.0162124633789 787
1679767128435 76.19245910644531 788
1679767128819 78.58111572265625 789
1679767129203 92.2615737915039 790
1679767129573 79.30158996582031 791
1679767129932 75.9322280883789 792
1679767130326 83.4892578125 793
1679767130690 84.8306884765625 794
1679767131076 83.12467956542969 795
1679767131468 79.00928497314453 796
1679767131850 76.62705993652344 797
1679767132228 74.92642974853516 798
1679767132608 70.29019927978516 799
1679767132981 71.30805206298828 800
1679767133367 64.67938995361328 801
1679767133733 67.98086547851562 802
1679767134104 55.073062896728516 803
1679767134487 46.44880294799805 804
1679767134861 66.84869384765625 805
1679767135251 66.11955261230469 806
1679767135644 51.04737091064453 807
1679767136003 58.042720794677734 808
1679767136380 47.1666145324707 809
1679767136754 52.99630355834961 810
1679767137140 53.2809944152832 811
1679767137516 29.08283805847168 812
1679767137877 43.17295455932617 813
1679767138250 41.687599182128906 814
1679767138611 25.120162963867188 815
1679767138979 28.752368927001953 816
1679767139347 28.44131088256836 817
1679767139712 22.67409896850586 818
1679767140073 18.929706573486328 819
1679767140439 9.37605094909668 820
1679767140810 7.628687858581543 821
1679767141160 7.847573280334473 822
1679767141519 10.199905395507812 823
1679767141889 10.534418106079102 824
1679767142262 12.041763305664062 825
1679767142619 18.040767669677734 826
1679767142992 22.696992874145508 827
1679767143357 21.274755477905273 828
1679767143712 21.263011932373047 829
1679767144077 24.905216217041016 830
1679767144437 23.246488571166992 831
1679767144793 18.676525115966797 832
1679767145162 15.52835750579834 833
1679767145529 19.656457901000977 834
1679767145900 14.825139999389648 835
1679767146258 14.83161735534668 836
1679767146617 9.573601722717285 837
1679767146979 12.72070598602295 838
1679767147348 8.0440673828125 839
1679767147700 10.42180061340332 840
1679767148056 8.91497802734375 841
1679767148423 7.361732006072998 842
1679767148798 7.3483686447143555 843
1679767149150 7.923147201538086 844
1679767149505 8.855730056762695 845
1679767149870 10.71112060546875 846
1679767150223 11.380451202392578 847
1679767150576 11.756341934204102 848
1679767150932 11.206523895263672 849
1679767151316 11.529021263122559 850
1679767151676 10.083868026733398 851
1679767152035 10.335559844970703 852
1679767152404 10.463408470153809 853
1679767152760 10.204315185546875 854
1679767153128 9.957988739013672 855
1679767153487 9.793214797973633 856
1679767153848 11.392134666442871 857
1679767154213 11.576030731201172 858
1679767154588 11.229681015014648 859
1679767154950 10.629690170288086 860
1679767155328 10.528717994689941 861
1679767155677 9.663694381713867 862
1679767156037 10.895950317382812 863
1679767156395 10.298870086669922 864
1679767156752 8.287727355957031 865
1679767157177 8.923794746398926 866
1679767157533 7.835981845855713 867
1679767157902 9.276737213134766 868
1679767158281 9.457968711853027 869
1679767158698 9.790383338928223 870
1679767159058 9.213109970092773 871
1679767159652 9.175430297851562 872
1679767160005 10.168895721435547 873
1679767160389 10.120141983032227 874
1679767160737 10.130607604980469 875
1679767161089 9.668725967407227 876
1679767161460 9.378881454467773 877
1679767161947 9.6845064163208 878
1679767162362 8.882735252380371 879
1679767162706 8.789480209350586 880
1679767163068 8.93089485168457 881
1679767163405 10.244863510131836 882
1679767163783 9.675671577453613 883
1679767164142 10.98614501953125 884
1679767164774 10.575143814086914 885
1679767165161 10.76649284362793 886
1679767165535 10.810052871704102 887
1679767165900 10.52922248840332 888
1679767166269 10.383804321289062 889
