1679766830446 1.4127082824707031 1
1679766830915 6.75655460357666 2
1679766831338 0.9998081922531128 3
1679766831717 65.33309936523438 4
1679766832087 94.84606170654297 5
1679766832446 96.0680923461914 6
1679766832800 95.68843078613281 7
1679766833155 95.93914794921875 8
1679766833519 95.06291961669922 9
1679766833877 94.87812805175781 10
1679766834240 95.32389831542969 11
1679766834607 95.25103759765625 12
1679766835006 95.10008239746094 13
1679766835387 95.56388854980469 14
1679766835760 95.2152328491211 15
1679766836214 95.392578125 16
1679766836634 94.38473510742188 17
1679766837062 94.60330200195312 18
1679766837398 94.4579849243164 19
1679766837753 96.0792007446289 20
1679766838082 95.53004455566406 21
1679766838416 95.70399475097656 22
1679766838771 95.52188873291016 23
1679766839118 95.34087371826172 24
1679766839458 94.11821746826172 25
1679766839798 94.29342651367188 26
1679766840107 95.39655303955078 27
1679766840443 95.03948974609375 28
1679766840812 94.82340240478516 29
1679766841139 94.39653015136719 30
1679766841462 95.30734252929688 31
1679766841783 94.44703674316406 32
1679766842228 94.83076477050781 33
1679766842554 95.8028564453125 34
1679766842880 96.11370849609375 35
1679766843218 95.58397674560547 36
1679766843537 94.42295837402344 37
1679766843867 94.78668212890625 38
1679766844188 94.62650299072266 39
1679766844510 94.89047241210938 40
1679766844832 95.5523910522461 41
1679766845159 95.93559265136719 42
1679766845484 94.65921020507812 43
1679766845805 94.58464050292969 44
1679766846185 94.73060607910156 45
1679766846529 95.26304626464844 46
1679766846858 95.00495910644531 47
1679766847195 94.604736328125 48
1679766847519 94.41478729248047 49
1679766847857 94.38851165771484 50
1679766848235 95.87054443359375 51
1679766848767 95.55026245117188 52
1679766849107 93.79146575927734 53
1679766849572 95.57505798339844 54
1679766850025 94.82403564453125 55
1679766850357 95.78572845458984 56
1679766850692 94.34695434570312 57
1679766851023 95.38240814208984 58
1679766851410 94.43315124511719 59
1679766851815 94.68038940429688 60
1679766852156 95.7863998413086 61
1679766852476 94.34294891357422 62
1679766852868 95.37281036376953 63
1679766853212 94.40618896484375 64
1679766853546 94.52400207519531 65
1679766853894 95.57633209228516 66
1679766854240 93.9039077758789 67
1679766854589 94.79376983642578 68
1679766854913 94.86532592773438 69
1679766855291 95.26197052001953 70
1679766855615 95.50010681152344 71
1679766855943 95.25166320800781 72
1679766856314 95.37446594238281 73
1679766856692 95.16785430908203 74
1679766857024 95.36460876464844 75
1679766857350 95.24323272705078 76
1679766857674 94.57852172851562 77
1679766857994 95.23643493652344 78
1679766858318 94.99492645263672 79
1679766858643 95.12306213378906 80
1679766858971 95.3128662109375 81
1679766859314 95.51042938232422 82
1679766859643 95.05266571044922 83
1679766859931 95.318603515625 84
1679766860215 95.25548553466797 85
1679766860545 95.99260711669922 86
1679766860868 95.30606079101562 87
1679766861347 94.85370635986328 88
1679766861696 94.45269012451172 89
1679766862067 93.81066131591797 90
1679766862392 95.91629028320312 91
1679766862717 94.3846206665039 92
1679766863042 94.77297973632812 93
1679766863379 94.94817352294922 94
1679766863711 95.16959381103516 95
1679766864038 94.8534927368164 96
1679766864389 95.37457275390625 97
1679766864835 94.0216064453125 98
1679766865170 94.23635864257812 99
1679766865488 94.73493194580078 100
1679766865828 95.0902328491211 101
1679766866169 95.69519805908203 102
1679766866524 94.92644500732422 103
1679766866873 95.08358001708984 104
1679766867246 94.76300811767578 105
1679766867574 94.94879913330078 106
1679766867900 94.29212188720703 107
1679766868270 95.03661346435547 108
1679766868594 95.80071258544922 109
1679766868908 94.77900695800781 110
1679766869240 94.78099060058594 111
1679766869567 95.37519073486328 112
1679766869904 95.22233581542969 113
1679766870236 96.38771057128906 114
1679766870614 94.31698608398438 115
1679766870934 96.09442901611328 116
1679766871267 95.83553314208984 117
1679766871642 95.15776062011719 118
1679766871958 95.41114044189453 119
1679766872321 94.88482666015625 120
1679766872658 94.53955078125 121
1679766872982 95.16529846191406 122
1679766873298 94.8395004272461 123
1679766873617 94.88406372070312 124
1679766874127 94.62047576904297 125
1679766874478 94.6174087524414 126
1679766874826 95.00276184082031 127
1679766875178 94.37238311767578 128
1679766875525 94.7137451171875 129
1679766875884 93.47564697265625 130
1679766876248 95.11158752441406 131
1679766876599 94.71987915039062 132
1679766876945 94.38123321533203 133
1679766877422 95.33149719238281 134
1679766877732 94.6624755859375 135
1679766878052 95.16217803955078 136
1679766878366 95.03224182128906 137
1679766878688 94.53285217285156 138
1679766879013 94.90982055664062 139
1679766879449 94.69754791259766 140
1679766879796 94.91912841796875 141
1679766880153 94.46955871582031 142
1679766880541 94.60737609863281 143
1679766880885 95.07733154296875 144
1679766881220 94.91575622558594 145
1679766881546 81.66934967041016 146
1679766881869 76.60098266601562 147
1679766882189 71.81012725830078 148
1679766882522 67.1231460571289 149
1679766882852 64.39080047607422 150
1679766883176 70.59021759033203 151
1679766883511 94.7840576171875 152
1679766883843 95.39439392089844 153
1679766884178 96.01204681396484 154
1679766884554 93.96621704101562 155
1679766884825 95.26956176757812 156
1679766885159 94.66486358642578 157
1679766885499 94.72783660888672 158
1679766885821 95.962158203125 159
1679766886147 95.24462890625 160
1679766886472 94.60570526123047 161
1679766886799 95.03107452392578 162
1679766887128 95.11690521240234 163
1679766887452 94.0971450805664 164
1679766887777 95.30994415283203 165
1679766888099 94.37074279785156 166
1679766888423 95.16270446777344 167
1679766888752 94.25119018554688 168
1679766889066 94.32241821289062 169
1679766889381 94.91871643066406 170
1679766889705 95.0965347290039 171
1679766890031 94.8659439086914 172
1679766890363 94.93276977539062 173
1679766890689 93.91862487792969 174
1679766891027 94.27375030517578 175
1679766891357 95.28594207763672 176
1679766891679 94.1082992553711 177
1679766892011 94.21127319335938 178
1679766892346 94.64057922363281 179
1679766892659 95.50164794921875 180
1679766892978 95.56680297851562 181
1679766893301 95.16683197021484 182
1679766893623 95.32186126708984 183
1679766893945 95.50352478027344 184
1679766894290 96.15046691894531 185
1679766894586 95.01339721679688 186
1679766894919 94.60188293457031 187
1679766895258 95.09485626220703 188
1679766895583 95.28618621826172 189
1679766895907 95.45161437988281 190
1679766896347 94.60916900634766 191
1679766896718 94.96121978759766 192
1679766897091 94.88916015625 193
1679766897415 94.7316665649414 194
1679766897734 94.22334289550781 195
1679766904913 94.80413818359375 196
1679766905318 80.92867279052734 197
1679766905694 70.280029296875 198
1679766906047 65.27686309814453 199
1679766906559 58.89228439331055 200
1679766906965 53.74966049194336 201
1679766907336 49.729312896728516 202
1679766907699 45.82513427734375 203
1679766908079 42.23347091674805 204
1679766908457 39.85306167602539 205
1679766908822 37.882774353027344 206
1679766909292 35.46142578125 207
1679766909735 27.914552688598633 208
1679766910097 0.6980480551719666 209
1679766910484 0.2932446599006653 210
1679766910857 0.4037942886352539 211
1679766911227 0.4782905876636505 212
1679766911597 0.3532746434211731 213
1679766911975 0.2591918110847473 214
1679766912369 0.3839797079563141 215
1679766912732 0.33657002449035645 216
1679766913104 0.27340880036354065 217
1679766913490 0.3040059804916382 218
1679766913857 71.62035369873047 219
1679766914183 94.68228149414062 220
1679766914495 94.99480438232422 221
1679766914835 94.45109558105469 222
1679766915151 94.13983917236328 223
1679766915468 95.28041076660156 224
1679766915797 94.44137573242188 225
1679766916113 96.50567626953125 226
1679766916427 95.17997741699219 227
1679766916738 95.48086547851562 228
1679766917051 94.96481323242188 229
1679766917376 95.18267059326172 230
1679766917697 94.455322265625 231
1679766918048 94.33700561523438 232
1679766918374 94.69633483886719 233
1679766918676 95.3753890991211 234
1679766918996 94.70364379882812 235
1679766919324 94.56317138671875 236
1679766919641 95.46820068359375 237
1679766920005 96.3572769165039 238
1679766920385 95.82286071777344 239
1679766920778 94.68048095703125 240
1679766921136 95.34676361083984 241
1679766921527 95.4229507446289 242
1679766921878 96.00852966308594 243
1679766922230 95.50943756103516 244
1679766922601 96.20501708984375 245
1679766922950 95.54949188232422 246
1679766923312 95.56989288330078 247
1679766923676 95.18913269042969 248
1679766924023 95.69343566894531 249
1679766924388 93.6426773071289 250
1679766924842 95.96076965332031 251
1679766925137 94.32964324951172 252
1679766925502 94.13467407226562 253
1679766925852 94.18511962890625 254
1679766926178 94.83460998535156 255
1679766926511 94.81988525390625 256
1679766926855 94.55451965332031 257
1679766927196 95.0503921508789 258
1679766927536 95.60000610351562 259
1679766927945 95.08073425292969 260
1679766928308 94.56519317626953 261
1679766928713 94.5350341796875 262
1679766929089 94.70622253417969 263
1679766929420 94.1295166015625 264
1679766929762 95.26148223876953 265
1679766930082 94.60214233398438 266
1679766930407 94.45594787597656 267
1679766930734 95.36276245117188 268
1679766931086 95.33961486816406 269
1679766931440 95.47547912597656 270
1679766931817 95.46660614013672 271
1679766932206 95.14862823486328 272
1679766932563 95.08724975585938 273
1679766932961 95.09138488769531 274
1679766933303 95.21424102783203 275
1679766933707 94.50588989257812 276
1679766934050 95.54283142089844 277
1679766934449 95.91944122314453 278
1679766934796 95.61135864257812 279
1679766935173 94.6773452758789 280
1679766935498 95.38178253173828 281
1679766935872 95.84072875976562 282
1679766936234 94.48503875732422 283
1679766936591 95.44706726074219 284
1679766936933 95.03678131103516 285
1679766937263 95.7583999633789 286
1679766937613 94.57234191894531 287
1679766937947 95.75098419189453 288
1679766938295 95.19329071044922 289
1679766938634 94.64743041992188 290
1679766938954 95.7363510131836 291
1679766939332 93.4574966430664 292
1679766939942 94.7509765625 293
1679766940265 96.40406036376953 294
1679766940919 95.2777099609375 295
1679766941249 95.04217529296875 296
1679766941579 94.55152130126953 297
1679766941913 95.00067901611328 298
1679766942254 95.25708770751953 299
1679766942593 94.9317398071289 300
1679766942907 94.35469818115234 301
1679766943228 95.21980285644531 302
1679766943532 94.1217041015625 303
1679766943852 94.43433380126953 304
1679766944180 95.13092041015625 305
1679766944552 94.33345031738281 306
1679766944850 93.50827026367188 307
1679766945170 95.23554229736328 308
1679766945501 94.56880950927734 309
1679766945837 95.60873413085938 310
1679766946215 94.85478973388672 311
1679766946547 94.56075286865234 312
1679766946875 94.13329315185547 313
1679766947211 95.67455291748047 314
1679766947572 95.25812530517578 315
1679766947923 94.9986801147461 316
1679766948261 94.93128204345703 317
1679766948600 94.95598602294922 318
1679766948924 95.87510681152344 319
1679766949255 95.50194549560547 320
1679766949575 95.46479034423828 321
1679766949914 95.35427856445312 322
1679766950255 94.92184448242188 323
1679766950578 94.34412384033203 324
1679766950907 96.02393341064453 325
1679766951240 95.76055145263672 326
1679766951562 94.74000549316406 327
1679766951883 94.84933471679688 328
1679766952221 95.35102844238281 329
1679766952566 95.07662963867188 330
1679766952907 95.78640747070312 331
1679766953289 95.18437957763672 332
1679766953672 94.53016662597656 333
1679766954006 95.09705352783203 334
1679766954339 93.93267822265625 335
1679766954661 95.77080535888672 336
1679766954937 94.91133880615234 337
1679766955264 95.51988220214844 338
1679766955601 93.71536254882812 339
1679766955939 95.50065612792969 340
1679766956277 94.73819732666016 341
1679766956633 95.07275390625 342
1679766957041 94.93986511230469 343
1679766957415 95.42830657958984 344
1679766957731 95.48707580566406 345
1679766958059 95.84163665771484 346
1679766958393 95.7933578491211 347
1679766958760 94.99370574951172 348
1679766959081 94.48977661132812 349
1679766959430 95.24358367919922 350
1679766959752 94.38892364501953 351
1679766960100 94.73045349121094 352
1679766960464 94.64106750488281 353
1679766960846 95.37439727783203 354
1679766961173 96.39715576171875 355
1679766961504 95.18588256835938 356
1679766961839 95.1513900756836 357
1679766962227 94.28074645996094 358
1679766962618 95.33602905273438 359
1679766962968 95.07755279541016 360
1679766963348 95.66537475585938 361
1679766963699 95.40682983398438 362
1679766964056 94.16651916503906 363
1679766964530 95.65243530273438 364
1679766964856 94.5055160522461 365
1679766965235 95.51724243164062 366
1679766965625 94.70362091064453 367
1679766966032 89.67448425292969 368
1679766966362 76.44168090820312 369
1679766966691 69.0533218383789 370
1679766967067 62.93826675415039 371
1679766967411 56.60363006591797 372
1679766967830 51.075401306152344 373
1679766968174 46.1392822265625 374
1679766968576 42.52519989013672 375
1679766968982 39.213645935058594 376
1679766969325 36.59501266479492 377
1679766969692 33.043190002441406 378
1679766970033 14.339004516601562 379
1679766970388 0.5842838287353516 380
1679766970736 0.9341532588005066 381
1679766971061 0.36666375398635864 382
1679766971399 6.098798751831055 383
1679766971727 0.4760829508304596 384
1679766972071 0.6036184430122375 385
1679766972474 5.415746688842773 386
1679766972823 0.5384575724601746 387
1679766973188 0.23398812115192413 388
1679766973714 0.8653290867805481 389
1679766974102 0.4025341272354126 390
1679766974961 30.17494773864746 391
1679766975382 7.929165363311768 392
1679766975756 0.8968877792358398 393
1679766976140 0.3869713842868805 394
1679766976496 95.47164154052734 395
1679766976871 94.91242218017578 396
1679766977313 94.93721771240234 397
1679766977771 94.30985260009766 398
1679766980448 94.99832916259766 399
1679766982235 95.02191162109375 400
1679766982957 95.05156707763672 401
1679766983300 96.05601501464844 402
1679766983626 95.03736877441406 403
1679766983969 94.77674865722656 404
1679766986159 95.38719177246094 405
1679766988297 94.85462188720703 406
1679766989064 95.82693481445312 407
1679766989394 93.84175872802734 408
1679766989728 95.12789154052734 409
1679766990056 94.86710357666016 410
1679766990395 94.38319396972656 411
1679766990744 94.62713623046875 412
1679766991088 94.88799285888672 413
1679766991430 94.71411895751953 414
1679766991762 95.22431945800781 415
1679766992093 94.05207061767578 416
1679766992441 95.13211059570312 417
1679766992768 95.32466125488281 418
1679766993124 96.06143188476562 419
1679766993523 94.8936996459961 420
1679766993847 94.01579284667969 421
1679766994172 94.85215759277344 422
1679766994636 95.57472229003906 423
1679766994984 96.6017837524414 424
1679766995338 94.3250503540039 425
1679766995669 95.12385559082031 426
1679766996001 94.91620635986328 427
1679766996339 95.09547424316406 428
1679766996665 96.06009674072266 429
1679766996998 95.04373168945312 430
1679766997393 95.4446029663086 431
1679766997720 94.74813842773438 432
1679766998049 94.90371704101562 433
1679766998383 94.40023040771484 434
1679766998725 94.40467071533203 435
1679766999050 94.3201904296875 436
1679766999384 95.29034423828125 437
1679766999692 95.50857543945312 438
1679767000006 95.8056640625 439
1679767000347 94.84368133544922 440
1679767000730 95.92156219482422 441
1679767001069 94.94294738769531 442
1679767001421 95.37578582763672 443
1679767001805 94.57648468017578 444
1679767002310 94.67179870605469 445
1679767002754 94.99303436279297 446
1679767003131 95.44473266601562 447
1679767003493 94.52008819580078 448
1679767003862 96.11405181884766 449
1679767004240 95.1120376586914 450
1679767004606 94.4492416381836 451
1679767004982 91.11112213134766 452
1679767005342 76.29801940917969 453
1679767005687 67.54244995117188 454
1679767006056 60.381431579589844 455
1679767006428 52.77739715576172 456
1679767006790 45.736995697021484 457
1679767007151 39.44050216674805 458
1679767007519 33.97333908081055 459
1679767007885 12.1472806930542 460
1679767008239 8.066548347473145 461
1679767008616 0.36899533867836 462
1679767008980 0.24744445085525513 463
1679767009356 0.22147122025489807 464
1679767009702 0.30707934498786926 465
1679767010074 0.2565304636955261 466
1679767010445 0.2145177721977234 467
1679767010805 0.22631745040416718 468
1679767011191 0.18355002999305725 469
1679767011549 0.20410148799419403 470
1679767011906 0.18582376837730408 471
1679767012288 0.1603640913963318 472
1679767012656 0.21177737414836884 473
1679767013007 0.21795593202114105 474
1679767013374 0.1947634220123291 475
1679767013740 0.2235146462917328 476
1679767014100 95.41910552978516 477
1679767014473 95.435546875 478
1679767014839 93.96882629394531 479
1679767015195 95.97815704345703 480
1679767015563 95.75666809082031 481
1679767015929 95.55136108398438 482
1679767016300 94.3951416015625 483
1679767016658 95.69381713867188 484
1679767017016 95.5093002319336 485
1679767017369 94.68235778808594 486
1679767017724 94.96932983398438 487
1679767018090 95.10011291503906 488
1679767018454 95.34657287597656 489
1679767018821 95.45147705078125 490
1679767019194 94.685302734375 491
1679767019549 95.770751953125 492
1679767019896 95.2930908203125 493
1679767020263 94.3609390258789 494
1679767020618 94.51233673095703 495
1679767020986 93.82943725585938 496
1679767021350 96.25215148925781 497
1679767021718 95.34661865234375 498
1679767022078 95.00948333740234 499
1679767022463 94.9850082397461 500
1679767022810 95.08733367919922 501
1679767023177 94.92565155029297 502
1679767023543 94.72969818115234 503
1679767023897 95.71961212158203 504
1679767024267 94.60734558105469 505
1679767024636 95.45478057861328 506
1679767024987 94.65242767333984 507
1679767025407 95.102783203125 508
1679767025770 94.42192840576172 509
1679767026125 95.32696533203125 510
1679767026508 94.52740478515625 511
1679767026870 94.66964721679688 512
1679767027269 95.28399658203125 513
1679767027632 95.41123962402344 514
1679767027991 94.0512924194336 515
1679767028350 95.54032135009766 516
1679767028707 94.80321502685547 517
1679767029107 94.78532409667969 518
1679767029489 95.05266571044922 519
1679767029853 95.48198699951172 520
1679767030216 94.7335205078125 521
1679767030586 94.52873229980469 522
1679767030958 81.83393096923828 523
1679767031320 72.56475067138672 524
1679767031752 63.98409652709961 525
1679767032111 56.48436737060547 526
1679767032496 46.525184631347656 527
1679767032875 38.29153823852539 528
1679767033247 31.307096481323242 529
1679767033607 0.2545551061630249 530
1679767033967 0.9492253065109253 531
1679767034335 6.0208258628845215 532
1679767034723 6.1599040031433105 533
1679767035094 0.35233360528945923 534
1679767035463 2.157409906387329 535
1679767035833 1.9588959217071533 536
1679767036234 4.451829433441162 537
1679767036632 8.17301082611084 538
1679767036996 3.083803176879883 539
1679767037356 2.0046627521514893 540
1679767037713 1.7582924365997314 541
1679767038082 1.1570547819137573 542
1679767038438 1.8720791339874268 543
1679767038799 2.407085418701172 544
1679767039164 0.6110383868217468 545
1679767039518 0.6114313006401062 546
1679767039870 13.968070983886719 547
1679767040235 6.464788436889648 548
1679767040584 0.6871843934059143 549
1679767040947 67.18185424804688 550
1679767041314 95.28543090820312 551
1679767041716 94.6563491821289 552
1679767042077 95.22411346435547 553
1679767042449 95.51195526123047 554
1679767042787 94.875 555
1679767043144 94.51573181152344 556
1679767043493 94.93006896972656 557
1679767043858 94.3315200805664 558
1679767044241 95.84838104248047 559
1679767044604 96.05294799804688 560
1679767044956 95.6452407836914 561
1679767045314 95.01171112060547 562
1679767045675 95.38570404052734 563
1679767046028 94.85408020019531 564
1679767046410 95.4935531616211 565
1679767046771 95.30927276611328 566
1679767047128 94.1080551147461 567
1679767047508 94.56255340576172 568
1679767047870 94.07791137695312 569
1679767048233 95.26802062988281 570
1679767048604 94.3427963256836 571
1679767048966 95.13392639160156 572
1679767049336 94.67356872558594 573
1679767049713 95.27799224853516 574
1679767050070 94.79511260986328 575
1679767050444 95.07138061523438 576
1679767050806 95.11910247802734 577
1679767051169 95.79024505615234 578
1679767051530 94.80010223388672 579
1679767051877 93.82611846923828 580
1679767052228 94.8714599609375 581
1679767052592 94.55087280273438 582
1679767052951 95.11155700683594 583
1679767053318 95.08003234863281 584
1679767053670 94.92581176757812 585
1679767054499 95.42027282714844 586
1679767054935 95.53805541992188 587
1679767055392 94.80821228027344 588
1679767055888 93.94796752929688 589
1679767056269 94.16681671142578 590
1679767056646 95.29269409179688 591
1679767057022 93.91310119628906 592
1679767057399 95.08671569824219 593
1679767057773 95.47862243652344 594
1679767058150 94.94696807861328 595
1679767058525 93.69646453857422 596
1679767058889 75.7435073852539 597
1679767059280 66.88328552246094 598
1679767059652 59.598175048828125 599
1679767060039 54.24043655395508 600
1679767060406 50.46931457519531 601
1679767060782 48.045433044433594 602
1679767061144 46.544395446777344 603
1679767061515 47.17182159423828 604
1679767061882 49.16426467895508 605
1679767062248 52.481773376464844 606
1679767062626 59.32260513305664 607
1679767062996 67.76793670654297 608
1679767063374 76.41897583007812 609
1679767063753 93.97393035888672 610
1679767064128 94.82893371582031 611
1679767064501 94.98621368408203 612
1679767064860 95.03215789794922 613
1679767065207 94.42435455322266 614
1679767065569 95.47860717773438 615
1679767065924 95.05701446533203 616
1679767066273 95.02175903320312 617
1679767066632 94.66881561279297 618
1679767066987 94.2178955078125 619
1679767067336 95.56507873535156 620
1679767067696 95.1235122680664 621
1679767068055 94.77647399902344 622
1679767068405 94.7547836303711 623
1679767068763 93.98383331298828 624
1679767069123 95.06366729736328 625
1679767069474 95.00572204589844 626
1679767069841 95.65946197509766 627
1679767070189 95.32781982421875 628
1679767070551 95.4338150024414 629
1679767070909 88.8210220336914 630
1679767071275 64.64878845214844 631
1679767071630 54.9943733215332 632
1679767071997 48.37120819091797 633
1679767072362 42.8856315612793 634
1679767072725 38.94874954223633 635
1679767073088 35.76833724975586 636
1679767073449 30.050222396850586 637
1679767073798 2.396554708480835 638
1679767074169 0.4080628752708435 639
1679767074541 0.30571579933166504 640
1679767074897 0.34153226017951965 641
1679767075251 1.3374896049499512 642
1679767075606 0.23363515734672546 643
1679767075948 0.3784703314304352 644
1679767076308 0.27048259973526 645
1679767076667 0.2753792405128479 646
1679767077021 0.23466983437538147 647
1679767077384 0.2236175239086151 648
1679767077737 0.24205255508422852 649
1679767078084 0.19843298196792603 650
1679767078444 0.20805270969867706 651
1679767078799 0.47188010811805725 652
1679767079152 0.40307527780532837 653
1679767079506 0.20998752117156982 654
1679767079860 0.269572377204895 655
1679767080204 0.2673380374908447 656
1679767080566 0.21613284945487976 657
1679767080915 0.481301486492157 658
1679767081285 13.241654396057129 659
1679767081652 0.3480965197086334 660
1679767082010 0.22337903082370758 661
1679767082378 0.22646450996398926 662
1679767082738 0.20453791320323944 663
1679767083096 0.2278217077255249 664
1679767083456 0.21579837799072266 665
1679767083811 0.20218969881534576 666
1679767084167 0.18986469507217407 667
1679767084521 0.19225208461284637 668
1679767084861 0.20387057960033417 669
1679767085233 0.1918295919895172 670
1679767085587 0.21777012944221497 671
1679767085952 0.2108091562986374 672
1679767086308 0.22136647999286652 673
1679767086662 0.20595479011535645 674
1679767087015 0.1951391100883484 675
1679767087372 0.17331905663013458 676
1679767087744 0.21854326128959656 677
1679767088101 0.154378280043602 678
1679767088461 0.21077843010425568 679
1679767088814 0.21571677923202515 680
1679767089183 0.1754450649023056 681
1679767089542 0.18765510618686676 682
1679767089903 0.17846310138702393 683
1679767090276 0.20992842316627502 684
1679767090627 0.20104683935642242 685
1679767090986 0.185775026679039 686
1679767091356 0.21602797508239746 687
1679767091726 0.19941219687461853 688
1679767092092 0.18300938606262207 689
1679767092462 0.1841372400522232 690
1679767092815 0.1875767558813095 691
1679767093172 0.16764144599437714 692
1679767093524 0.19250965118408203 693
1679767093879 0.19326719641685486 694
1679767094245 0.18181179463863373 695
1679767094604 0.2067868560552597 696
1679767094956 0.19230040907859802 697
1679767095323 0.19592636823654175 698
1679767095687 0.18884022533893585 699
1679767096042 0.2032446265220642 700
1679767096425 0.20651154220104218 701
1679767096769 0.19786113500595093 702
1679767097119 0.21815553307533264 703
1679767097473 0.21892957389354706 704
1679767097836 0.20670032501220703 705
1679767098180 0.22255340218544006 706
1679767098537 0.1882207989692688 707
1679767098888 0.2147483229637146 708
1679767099245 0.18269667029380798 709
1679767099612 0.2147129625082016 710
1679767099974 0.22090384364128113 711
1679767100323 0.20210643112659454 712
1679767100676 0.224967822432518 713
1679767101037 0.1900898963212967 714
1679767101386 0.231228306889534 715
1679767101727 0.5673276782035828 716
1679767102077 0.20738142728805542 717
1679767102441 0.26687687635421753 718
1679767102781 19.280759811401367 719
1679767103127 0.21982532739639282 720
1679767103478 0.1984485685825348 721
1679767103836 0.2576445937156677 722
1679767104181 0.212826669216156 723
1679767104525 0.23188909888267517 724
1679767104867 0.20533999800682068 725
1679767105225 1.8443529605865479 726
1679767105583 1.250867486000061 727
1679767105931 1.274573802947998 728
1679767106298 0.6224589347839355 729
1679767106647 1.1101622581481934 730
1679767106990 0.611215353012085 731
1679767107348 0.24336311221122742 732
1679767107792 2.3419835567474365 733
1679767108142 0.7086241841316223 734
1679767108487 0.18854115903377533 735
1679767108833 0.2342706322669983 736
1679767109189 0.2287602424621582 737
1679767109537 0.21003179252147675 738
1679767109890 0.21143880486488342 739
1679767110273 0.1842271089553833 740
1679767110624 0.20842286944389343 741
1679767110994 0.17724061012268066 742
1679767111361 0.2480241060256958 743
1679767111711 0.21140865981578827 744
1679767112072 0.6624111533164978 745
1679767112437 0.2193240225315094 746
1679767112795 0.19498135149478912 747
1679767113156 0.1902158111333847 748
1679767113531 0.1574375480413437 749
1679767113889 0.24399621784687042 750
1679767114257 0.23023855686187744 751
1679767114618 0.22824497520923615 752
1679767114990 0.2423187792301178 753
1679767115348 0.23625867068767548 754
1679767115705 0.20868198573589325 755
1679767116053 0.21875342726707458 756
1679767116424 6.444067478179932 757
1679767116771 0.25073036551475525 758
1679767117126 0.25572699308395386 759
1679767117484 0.36826765537261963 760
1679767117846 0.35409015417099 761
1679767118208 0.2232133150100708 762
1679767118559 0.29409700632095337 763
1679767118912 0.27741438150405884 764
1679767119281 0.3403494656085968 765
1679767119643 0.3176593780517578 766
1679767119999 0.187286376953125 767
1679767120380 0.19001199305057526 768
1679767120747 0.31067296862602234 769
1679767121097 0.2222955971956253 770
1679767121457 0.23546557128429413 771
1679767121822 0.18564684689044952 772
1679767122175 0.27409040927886963 773
1679767122539 0.22409091889858246 774
1679767122897 0.2011822909116745 775
1679767123265 0.2099023163318634 776
1679767123640 0.1529618799686432 777
1679767123990 0.15667200088500977 778
1679767124349 0.26527348160743713 779
1679767124713 48.14570617675781 780
1679767125504 94.77035522460938 781
1679767125924 93.94580841064453 782
1679767126394 95.87351989746094 783
1679767126908 95.25718688964844 784
1679767127296 95.1943359375 785
1679767127661 94.7363510131836 786
1679767128044 95.07349395751953 787
1679767128435 95.51345825195312 788
1679767128819 94.49761199951172 789
1679767129203 95.2435531616211 790
1679767129573 93.9287338256836 791
1679767129932 94.36459350585938 792
1679767130326 94.4190673828125 793
1679767130690 95.68180847167969 794
1679767131076 94.75223541259766 795
1679767131468 95.1165542602539 796
1679767131850 94.47400665283203 797
1679767132228 93.86148071289062 798
1679767132608 95.47057342529297 799
1679767132981 94.98412322998047 800
1679767133367 95.6324462890625 801
1679767133733 95.2328872680664 802
1679767134104 95.2640609741211 803
1679767134487 95.30509948730469 804
1679767134861 94.97160339355469 805
1679767135251 94.81669616699219 806
1679767135644 95.36881256103516 807
1679767136003 94.73213195800781 808
1679767136380 94.49308776855469 809
1679767136754 95.31680297851562 810
1679767137140 94.3794174194336 811
1679767137516 95.37625122070312 812
1679767137877 95.40359497070312 813
1679767138250 95.51191711425781 814
1679767138611 95.1587905883789 815
1679767138979 95.14337921142578 816
1679767139347 94.44304656982422 817
1679767139712 95.65312957763672 818
1679767140073 95.9267349243164 819
1679767140439 95.29364013671875 820
1679767140810 95.00519561767578 821
1679767141160 94.97455596923828 822
1679767141519 94.84089660644531 823
1679767141889 94.60423278808594 824
1679767142262 94.39635467529297 825
1679767142619 95.9449234008789 826
1679767142992 95.16682434082031 827
1679767143357 95.19017791748047 828
1679767143712 94.6783676147461 829
1679767144077 95.2047119140625 830
1679767144437 95.2587661743164 831
1679767144793 95.5513916015625 832
1679767145162 94.94149780273438 833
1679767145529 96.31087493896484 834
1679767145900 95.02313995361328 835
1679767146258 94.49636840820312 836
1679767146617 94.73161315917969 837
1679767146979 95.85260009765625 838
1679767147348 94.30821990966797 839
1679767147700 94.65542602539062 840
1679767148056 95.0990219116211 841
1679767148423 95.08206176757812 842
1679767148798 95.21173095703125 843
1679767149150 94.42481994628906 844
1679767149505 94.6038589477539 845
1679767149870 94.04646301269531 846
1679767150223 95.6463623046875 847
1679767150576 94.9619140625 848
1679767150932 94.04975891113281 849
1679767151316 95.04141998291016 850
1679767151676 95.10363006591797 851
1679767152035 95.65868377685547 852
1679767152404 94.68928527832031 853
1679767152760 95.30570983886719 854
1679767153128 95.52120208740234 855
1679767153487 94.5931396484375 856
1679767153848 95.68037414550781 857
1679767154213 95.63282012939453 858
1679767154588 95.93677520751953 859
1679767154950 94.76139068603516 860
1679767155328 94.86033630371094 861
1679767155677 95.68751525878906 862
1679767156037 95.29361724853516 863
1679767156395 93.79996490478516 864
1679767156752 95.143798828125 865
1679767157177 95.60427856445312 866
1679767157533 95.86831665039062 867
1679767157902 94.86319732666016 868
1679767158281 95.52763366699219 869
1679767158698 94.42109680175781 870
1679767159058 95.60711669921875 871
1679767159652 95.34538269042969 872
1679767160005 94.39983367919922 873
1679767160389 94.87987518310547 874
1679767160737 94.39417266845703 875
1679767161089 95.12943267822266 876
1679767161460 95.72665405273438 877
1679767161947 94.25131225585938 878
1679767162362 75.29134368896484 879
1679767162706 68.01342010498047 880
1679767163068 59.20566940307617 881
1679767163405 53.029701232910156 882
1679767163783 49.05552673339844 883
1679767164142 45.933555603027344 884
1679767164774 43.33124542236328 885
1679767165161 40.589595794677734 886
1679767165535 38.50908660888672 887
1679767165900 37.125953674316406 888
1679767166269 34.94504165649414 889
