1679758613441 94.22334289550781 1
1679758659243 95.86958312988281 2
1679758704274 94.92465209960938 3
1679758749696 40.477115631103516 4
1679758795238 62.86043930053711 5
1679758841077 95.24818420410156 6
1679758886959 94.92865753173828 7
1679758932911 95.1468505859375 8
1679758979041 49.54497528076172 9
1679759025340 95.49896240234375 10
1679759071878 0.20227669179439545 11
1679759118570 0.2578272521495819 12
1679759165724 94.47152709960938 13
1679759212662 94.72230529785156 14
1679759260085 0.20589686930179596 15
1679759307336 0.6026802062988281 16
1679759354707 1.411487102508545 17
1679759399920 0.5661655068397522 18
1679759443627 1.4694231748580933 19
