1679758613441 9.832947731018066 1
1679758659243 10.980140686035156 2
1679758704274 28.784095764160156 3
1679758749696 8.425432205200195 4
1679758795238 9.364217758178711 5
1679758841077 41.91631317138672 6
1679758886959 8.414697647094727 7
1679758932911 13.864866256713867 8
1679758979041 8.85521125793457 9
1679759025340 9.292474746704102 10
1679759071878 12.14396858215332 11
1679759118570 7.821363925933838 12
1679759165724 11.126152992248535 13
1679759212662 46.21391296386719 14
1679759260085 6.4894819259643555 15
1679759307336 1.4321205615997314 16
1679759354707 0.49089598655700684 17
1679759399920 2.395854949951172 18
1679759443627 1.4875316619873047 19
