1677442155173 114.89702375240815 0
1677442213819 16.259911024646883 1
1677442272796 0.2535853986556713 2
1677442316051 0.36915378876221483 3
1677442358990 0.731028197438289 4
1677442402100 0.548983900822126 5
1677442460185 0.49806091571465516 6
1677442503142 0.8789427355313912 7
1677442546325 1.1623773520573593 8
1677442589518 2.1233892534023675 9
1677442635162 3.2854202820704534 10
1677442694345 1.7815955327107356 11
1677442737945 1.4643103037125025 12
1677442781478 1.5452861724755702 13
1677442825196 1.5072147999054346 14
1677442868719 1.4233449984819462 15
1677442926149 1.7690111860250815 16
1677442969654 1.6060637143942027 17
1677443013572 1.4381672253975502 18
1677443059179 1.952619245266303 19
