1677442155160 42.30944695106412 0
1677442213815 32.678697102879866 1
1677442272785 13.296314327533429 2
1677442316051 15.373574370604295 3
1677442358990 10.703791846678808 4
1677442402093 10.571356610762768 5
1677442460181 13.229624892503788 6
1677442503138 7.134793784755927 7
1677442546321 5.288927558967724 8
1677442589514 3.0560694702793487 9
1677442635158 1.5893320120166605 10
1677442694340 0.8288429004036469 11
1677442737941 0.7343279023392079 12
1677442781474 0.7478105315508751 13
1677442825192 0.7413342732434662 14
1677442868716 0.7266428815630767 15
1677442926145 0.9324254780930157 16
1677442969649 0.8128403427724081 17
1677443013564 0.7469610487803434 18
1677443059172 1.0841596518698422 19
