1677440997082 0.929819256067276 1
1677441054463 0.7155519451850499 2
1677441097106 0.7645028445201042 3
1677441139853 0.8242218414178262 4
1677441182708 0.510256129426834 5
1677441239542 0.47972129866098745 6
1677441282179 0.2874548078347475 7
1677441324990 0.24798465646230258 8
1677441367726 0.21781993684096215 9
1677441410387 0.20861784701163952 10
1677441468364 0.20436247770602886 11
1677441511338 0.20109722018241882 12
1677441554062 0.20418267166003204 13
1677441596717 0.20055835766670033 14
1677441639302 0.20314255494337816 15
1677441695295 0.20318042238553366 16
1677441737986 0.20160113924588913 17
1677441780714 0.20107487508883842 18
1677441823781 0.20055420490411613 19
1677441866479 0.2023198962211609 20
