1677440997077 2.8688536929778565 1
1677441054459 2.4223512137547516 2
1677441097103 2.4445562683618984 3
1677441139850 2.2021750141412784 4
1677441182700 3.448561035364102 5
1677441239538 3.229725820437456 6
1677441282176 4.402268165197128 7
1677441324987 4.8905815136738315 8
1677441367726 5.227839018748357 9
1677441410374 5.866216808710343 10
1677441468354 6.277965103051601 11
1677441511335 6.116711726555457 12
1677441554057 5.922896262926933 13
1677441596713 6.134147668496157 14
1677441639298 5.996563688913981 15
1677441695292 6.088516538571088 16
1677441737986 6.324034539247171 17
1677441780710 6.139746286930182 18
1677441823776 6.3871672459137745 19
1677441866463 6.534606177990253 20
