1677436843912 20.88270476170075 1
1677436890217 83.22270280535405 2
1677436949151 85.3039275878515 3
1677437008290 93.88209568903996 4
1677437075408 67.21777266477928 5
1677437221952 89.32092325794392 6
1677437302822 95.03633653689653 7
1677437358676 87.2912071717091 8
1677437416195 94.98270940536108 9
1677437470604 94.93177705422426 10
1677437562392 68.35283727829272 11
1677437613464 94.99060868483323 12
1677437660310 95.03373127472706 13
1677437714966 94.98081246400491 14
1677437760446 95.02237177139673 15
1677437845729 87.35726666572766 16
1677437888985 60.88334473830003 17
1677437932286 70.83002788348075 18
1677437975746 94.9986341818785 19
1677438021043 95.01820749136118 20
