1677436843894 0.9950900472127474 1
1677436890217 0.9992634259737455 2
1677436949146 0.998739897287809 3
1677437008286 0.9987298879867945 4
1677437075400 0.9986320972442627 5
1677437221938 0.9989738552998274 6
1677437302817 0.9992713057077848 7
1677437358671 0.9989655149288666 8
1677437416190 0.9989427297543256 9
1677437470600 0.9989815314610799 10
1677437562385 0.9988478847039052 11
1677437613459 0.9994556188583374 12
1677437660299 0.9991948751302866 13
1677437714962 0.9991404970486959 14
1677437760443 0.9991234868000716 15
1677437845719 0.9991320591706496 16
1677437888980 0.9991533991618035 17
1677437932280 0.999027953698085 18
1677437975741 0.9991755393835214 19
1677438021038 0.9992268168009244 20
