1677438439468 0.24995186412945772 1
1677438503012 0.19668229115314972 2
1677438552857 0.19835060559786283 3
1677438595993 0.23232037593156862 4
1677438639093 0.19989971671348963 5
1677438697749 0.1963115604260029 6
1677438740885 0.19790446246281648 7
1677438784041 0.20086954885568375 8
1677438827226 0.20731999759490674 9
1677438870470 0.20062326850035253 10
1677438932167 0.199766455246852 11
1677438975367 0.1968850797567612 12
1677439018905 0.20072932541370392 13
1677439063555 0.19632524794492967 14
1677439113588 0.1994714855383604 15
1677439193175 0.2002083563651794 16
1677439245001 0.19896075037809519 17
1677439288387 0.19785680052561638 18
1677439331615 0.19797638020454308 19
1677439375044 0.20040828257034987 20
