1677438439444 0.9887823393711677 1
1677438503008 0.9999212093842336 2
1677438552852 0.9999185299262022 3
1677438595989 0.9978339534539443 4
1677438639089 0.9999851770890065 5
1677438697746 0.9999495799724872 6
1677438740882 0.9999115962248583 7
1677438784037 0.9999499755027966 8
1677438827221 0.9968001335095137 9
1677438870467 0.9999971273617867 10
1677438932158 0.9999533078609368 11
1677438975361 0.9999434437507239 12
1677439018896 0.9993072390556336 13
1677439063534 0.9999661051310026 14
1677439113575 0.9999302087686001 15
1677439193175 0.9997429771301074 16
1677439244993 0.9999887561186765 17
1677439288376 0.999960097288474 18
1677439331605 0.999942145897792 19
1677439375034 0.9997653710536468 20
